3071.56300545
3247.47991562
780.017137527
3083.7688446
3003.08704376
3059.2019558
659.894943237
3101.91297531
3080.70206642
3322.29590416
670.28594017
668.009996414
676.472902298
2911.8719101
2819.26393509
3026.5109539
721.395015717
3071.57206535
2987.72406578
3044.87895966
788.470983505
3004.77385521
2955.93905449
706.686019897
2850.03685951
2593.4548378
2604.91299629
707.416057587
2464.85996246
2790.2200222
702.359199524
2729.7000885
2715.75903893
2664.32213783
714.390039444
2835.07514
2755.76496124
2771.10910416
2652.36902237
823.732852936
2925.67896843
2950.74987411
2800.34995079
797.04618454
2801.67603493
2767.4369812
2837.89205551
2915.79914093
2924.06201363
705.514907837
2784.13701057
2885.57004929
3569.20909882
750.427007675
3322.38507271
2900.00700951
3393.81098747
711.11702919
3249.8691082
3108.15000534
3140.07496834
3227.65994072
2911.20886803
2913.97690773
2966.62807465
714.960098267
723.181009293
3015.86604118
2665.62080383
742.701053619
2835.60204506
2830.919981
2517.93193817
751.784086227
2589.11991119
2417.1860218
764.149904251
2364.83502388
762.315988541
716.8841362
2395.93505859
2484.68995094
2440.23799896
707.069158554
2383.51392746
2364.18199539
726.086139679
2433.09187889
2357.84101486
724.817037582
752.686023712
713.078975677
2849.80297089
820.804834366
2756.92105293
2644.95301247
2694.25702095
714.375019073
2689.69321251
2720.59798241
729.563951492
2778.17201614
2924.50881004
3030.01999855
789.084911346
3045.35412788
2778.5961628
2702.6181221
3100.95191002
3086.54403687
744.611978531
3120.31984329
3198.25387001
732.582092285
3038.54298592
3048.90990257
2956.25805855
743.431806564
2997.41888046
2936.48695946
3014.27197456
745.053052902
2523.25797081
2437.4229908
744.937896729
2507.47895241
2517.08006859
728.524923325
2581.25090599
2580.29484749
719.426870346
2503.87191772
2347.91398048
741.733074188
737.900018692
797.288894653
2428.34401131
737.21408844
731.708049774
802.02293396
708.79817009
781.017065048
766.309976578
794.955968857
743.68596077
873.409986496
730.2069664
799.01599884
724.225997925
810.503005981
724.446058273
809.855937958
977.796077728
820.904016495
2897.44520187
795.480012894
2945.80197334
2962.6159668
2990.47088623
732.471942902
3018.7921524
3081.05778694
729.96711731
3105.56983948
2788.62094879
3436.78808212
730.287790298
3245.71418762
3220.19791603
686.105966568
3041.07189178
3201.22122765
3171.69690132
698.15993309
3278.55801582
3166.93091393
3015.3169632
711.385965347
3161.49091721
3076.25198364
3122.29299545
673.444986343
3024.11389351
2780.91883659
732.293128967
2709.05900002
2689.96620178
678.607940674
2381.1750412
2694.50211525
684.22293663
722.911119461
712.294101715
2509.73916054
2630.52797318
2308.94684792
773.27299118
2436.41901016
1182.63602257
