0.58
0.58
0.58
0.58
0.58
0.53
0.53
0.53
0.53
0.53
0.57
0.57
0.57
0.57
0.57
0.68
0.68
0.68
0.68
0.68
0.95
0.95
0.95
0.95
0.95
0.95
0.95
0.95
0.95
0.95
1.04
1.04
1.04
1.04
1.04
1.12
1.12
1.12
1.12
1.12
1.35
1.35
1.35
1.35
1.40
1.40
1.40
1.40
1.40
1.53
1.53
1.53
1.53
1.53
1.41
1.41
1.41
1.41
1.41
1.45
1.45
1.45
1.45
1.45
1.42
1.42
1.42
1.42
1.42
1.46
1.46
1.46
1.46
1.46
1.67
1.67
1.67
1.67
1.67
1.69
1.69
1.69
1.69
1.69
1.72
1.72
1.72
1.72
1.72
1.74
1.74
1.74
1.74
1.74
1.68
1.68
1.68
1.68
1.68
1.55
1.55
1.55
1.55
1.55
1.58
1.58
1.58
1.58
1.58
1.62
1.62
1.62
1.62
1.62
1.65
1.65
1.65
1.65
1.68
1.68
1.68
1.68
1.68
1.70
1.70
1.70
1.70
1.70
1.65
1.65
1.65
1.65
1.65
1.59
1.59
1.59
1.59
1.59
1.63
1.63
1.63
1.63
1.63
1.66
1.66
1.66
1.66
1.66
1.60
1.60
1.60
1.60
1.60
1.56
1.56
1.56
1.56
1.56
1.51
1.51
1.51
1.51
1.51
1.47
1.47
1.47
1.47
1.47
1.43
1.43
1.43
1.43
1.43
1.48
1.48
1.48
1.48
1.48
1.76
1.76
1.76
1.76
1.76
1.70
1.70
1.70
1.70
1.70
1.72
1.72
1.72
1.72
1.72
2.23
2.23
2.23
2.23
2.23
2.13
2.13
2.13
2.13
2.13
2.04
2.04
2.04
2.04
1.95
1.95
1.95
1.95
1.95
1.88
1.88
1.88
1.88
1.88
1.81
1.81
1.81
1.81
1.81
1.74
1.74
1.74
1.74
1.74
1.76
1.76
1.76
1.76
1.76
1.70
1.70
1.70
1.70
1.70
1.73
1.73
1.73
1.73
1.73
1.75
1.75
1.75
1.75
1.75
1.69
1.69
1.69
1.69
1.69
1.71
1.71
1.71
1.71
1.71
1.66
1.66
1.66
1.66
1.66
1.60
1.60
1.60
1.60
1.60
1.56
1.56
1.56
1.56
1.56
1.59
1.59
1.59
1.59
1.59
1.54
1.54
1.54
1.54
1.54
1.50
1.50
1.50
1.50
1.50
1.46
1.46
1.46
1.46
1.50
1.50
1.50
1.50
1.50
1.54
1.54
1.54
1.54
1.54
1.58
1.58
1.58
1.58
1.58
1.53
1.53
1.53
1.53
1.53
1.49
1.49
1.49
1.49
1.49
1.45
1.45
1.45
1.45
1.45
1.49
1.49
1.49
1.49
1.49
1.45
1.45
1.45
1.45
1.45
1.42
1.42
1.42
1.42
1.42
1.46
1.46
1.46
1.46
1.46
1.51
1.51
1.51
1.51
1.51
1.47
1.47
1.47
1.47
1.47
1.51
1.51
1.51
1.51
1.51
1.39
1.39
1.39
1.39
1.36
1.36
1.36
1.36
1.36
1.33
1.33
1.33
1.33
1.33
1.38
1.38
1.38
1.38
1.38
1.35
1.35
1.35
1.35
1.35
1.56
1.56
1.56
1.56
1.56
1.52
1.52
1.52
1.52
1.52
