Test: ../cloud/obj_detection/ 293
Valid: /home/lurps/ba_schraven/datasets/obj_detection_frames/ 284
TP: [85.  0.  0.  0.  2.  0.  0.  0. 20.  1.  0.  0. 28.  0.  0.  4.  0.  5.
 23.  0.  0.]
FP: [192.   0.   2.   0.   0.   0.   1.   0.  31.   0.   6.   0.  20.   0.
   0.   0.   0.   5.  31.   0.   0.]
FN: [17.  0.  0. 18.  0. 19. 64. 23. 12.  4. 40.  0.  9.  0.  2.  3. 51.  6.
  9.  9.  0.]
Precision: [0.30685921 0.         0.         0.         1.         0.
 0.         0.         0.39215686 1.         0.         0.
 0.58333333 0.         0.         1.         0.         0.5
 0.42592593 0.         0.        ]
Recall: [0.83333333 0.         0.         0.         1.         0.
 0.         0.         0.625      0.2        0.         0.
 0.75675676 0.         0.         0.57142857 0.         0.45454545
 0.71875    0.         0.        ]


IoU
	Backpack: 0.830357777834 with [0.9169362789341405, 0.9169362789341405, 0.8547201808931599, 0.8547201808931599, 0.7637795275590551, 0.6708407871198568, 0.724687800192123, 0.8400800188279596, 0.8400800188279596, 0.8979648602290111, 0.7452725250278087, 0.5486201806786656, 0.9042750181144835, 0.9042750181144835, 0.9497932095796865, 0.8856465136804943, 0.8462749647799784, 0.8462749647799784, 0.7839557863004522, 0.9480509211670752, 0.7559193613854688, 0.7559193613854688, 0.7845615619004627, 0.8264462809917356, 0.8264462809917356, 0.8816, 0.8816, 0.8816, 0.9217742858232579, 0.9217742858232579, 0.8223187311178247, 0.8223187311178247, 0.8221410508569823, 0.7490961677512654, 0.7490961677512654, 0.8416560604926255, 0.8416560604926255, 0.7571345369831101, 0.7666666666666667, 0.7666886979510905, 0.8355719557195572, 0.8355719557195572, 0.8829283203423506, 0.8829283203423506, 0.8191106906338694, 0.8191106906338694, 0.6963900030854675, 0.9103461501582126, 0.8473798959989115, 0.8072837632776935, 0.803515625, 0.9301267468313292, 0.9134155184916606, 0.9134155184916606, 0.9494451294697904, 0.8717032967032967, 0.8717032967032967, 0.817787913340935, 0.817787913340935, 0.832850880820445, 0.832850880820445, 0.8664542656736086, 0.6003640167019428, 0.8464460119370592, 0.8464460119370592, 0.8315960912052117, 0.8315960912052117, 0.8315960912052117, 0.874671669793621, 0.874671669793621, 0.7593302778037602, 0.7593302778037602, 0.7593302778037602, 0.8424341615830978, 0.8424341615830978, 0.8886749429946795, 0.8886749429946795, 0.8632886129282625, 0.8632886129282625, 0.7741976364730856, 0.7741976364730856, 0.8124854566846813, 0.6964285714285714, 0.8708249184402672, 0.8708249184402672]
	Batteries: 0 with []
	Bottle: 0 with []
	Bucket: 0 with []
	Candles: 0.863042742669 with [0.8415995040297582, 0.8844859813084112]
	Drill: 0 with []
	Flipflops: 0 with []
	Hammer: 0 with []
	Helmet: 0.870927273037 with [0.9165701505651184, 0.8571428571428571, 0.8793882516510254, 0.9356995721755664, 0.835379927984489, 0.8588368153585545, 0.733666944676119, 0.8524810494059459, 0.9100014308198597, 0.9350744896082398, 0.8290932291251296, 0.8307692307692308, 0.8775256152446615, 0.882339527989967, 0.9363315612178106, 0.8678165685380214, 0.8254352763058289, 0.8559739180464105, 0.9231669774097039, 0.8758520667150109]
	Keyboard: 0.895600660387 with [0.8956006603865203]
	Knives: 0 with []
	Marker: 0 with []
	Monitor: 0.82927773571 with [0.9380466472303207, 0.8254006218607989, 0.8366169750543112, 0.8366169750543112, 0.845019777058612, 0.8228226718612542, 0.8228226718612542, 0.9227418615314076, 0.8387759258630639, 0.7601429472356527, 0.7601429472356527, 0.829804341999464, 0.829804341999464, 0.8417890520694259, 0.8677593823541555, 0.6599647043993445, 0.7905514114377651, 0.8250692947336002, 0.9305865638319464, 0.8468783294268059, 0.8935032247915683, 0.9188445667125172, 0.9555555555555556, 0.643765215039221, 0.9076522435897436, 0.7021167426166208, 0.7021167426166208, 0.8648648648648649]
	Mug: 0 with []
	Pan: 0 with []
	Scissors: 0.845438894056 with [0.8684397163120567, 0.8189735037984065, 0.836749864196472, 0.857592491916793]
	Screwdriver: 0 with []
	Sneakers: 0.785613546888 with [0.8819660782277605, 0.8282799457801241, 0.43421843085425926, 0.9335488505747126, 0.8500544290017974]
	Toys: 0.693240128719 with [0.8739495798319328, 0.9153449643140364, 0.9242971933783068, 0.8581784386617101, 0.817462828218918, 0.16445623342175067, 0.8135326514555468, 0.8459069020866774, 0.8240098574194684, 0.8128467153284672, 0.8410005750431282, 0.8083063889515503, 0.093566358163357, 0.09944289693593315, 0.88089721012142, 0.8083240545834315, 0.09474522292993631, 0.09840935552359427, 0.9208731241473397, 0.8723404255319149, 0.8820577164366374, 0.7815589832092906, 0.9130152848540991]
	TrashCan: 0 with []
	Webcam: 0 with []
