/home/psawaffle1/.ros/obj_detection_frame0000.jpg,Person,0.86,0.229297205806,0.131092876196,0.379297226667,0.131092876196,0.379297226667,0.250975221395,0.229297205806,0.250975221395
/home/psawaffle1/.ros/obj_detection_frame0001.jpg,Person,0.91,0.228356033564,0.130622282624,0.381179571152,0.130622282624,0.381179571152,0.253328174353,0.228356033564,0.253328174353,Person,0.66,0.933592438698,0.449624419212,0.998717308044,0.449624419212,0.998717308044,0.63163882494,0.933592438698,0.63163882494,Luggage & bags,0.52,0.398805975914,0.411110460758,0.493577897549,0.411110460758,0.493577897549,0.580889582634,0.398805975914,0.580889582634
/home/psawaffle1/.ros/obj_detection_frame0002.jpg,Person,0.87,0.225061923265,0.13250464201,0.373650163412,0.13250464201,0.373650163412,0.243445828557,0.225061923265,0.243445828557
/home/psawaffle1/.ros/obj_detection_frame0003.jpg,Person,0.77,0.224591329694,0.13250464201,0.370356053114,0.13250464201,0.370356053114,0.238269358873,0.224591329694,0.238269358873,Person,0.75,0.107092872262,0.0742260068655,0.220857590437,0.0742260068655,0.220857590437,0.198343664408,0.107092872262,0.198343664408,Person,0.63,0.00685553252697,0.00315998494625,0.111509785056,0.00315998494625,0.111509785056,0.220468506217,0.00685553252697,0.220468506217
/home/psawaffle1/.ros/obj_detection_frame0004.jpg,Person,0.82,0.229767799377,0.130151703954,0.381650179625,0.130151703954,0.381650179625,0.259445816278,0.229767799377,0.259445816278
/home/psawaffle1/.ros/obj_detection_frame0005.jpg,Person,0.82,0.230238392949,0.131563469768,0.382591336966,0.131563469768,0.382591336966,0.257092893124,0.230238392949,0.257092893124
/home/psawaffle1/.ros/obj_detection_frame0006.jpg,Person,0.85,0.235414862633,0.133445814252,0.374120771885,0.133445814252,0.374120771885,0.242504641414,0.235414862633,0.242504641414,Luggage & bags,0.51,0.394250750542,0.424764722586,0.502368450165,0.424764722586,0.502368450165,0.571470558643,0.394250750542,0.571470558643,Backpack,0.51,0.394250750542,0.424764722586,0.502368450165,0.424764722586,0.502368450165,0.571470558643,0.394250750542,0.571470558643
/home/psawaffle1/.ros/obj_detection_frame0007.jpg,Person,0.9,0.15878328681,0.10991640389,0.315371543169,0.10991640389,0.315371543169,0.248151704669,0.15878328681,0.248151704669,Toy,0.66,0.864019572735,0.451506763697,0.955497384071,0.451506763697,0.955497384071,0.625991761684,0.864019572735,0.625991761684,Luggage & bags,0.53,0.309222877026,0.421470612288,0.419222891331,0.421470612288,0.419222891331,0.567235291004,0.309222877026,0.567235291004
/home/psawaffle1/.ros/obj_detection_frame0008.jpg,Person,0.82,0.754991829395,0.447742074728,0.844587206841,0.447742074728,0.844587206841,0.620344698429,0.754991829395,0.620344698429,Person,0.75,0.0135944215581,0.0822260081768,0.16547678411,0.0822260081768,0.16547678411,0.201167196035,0.0135944215581,0.201167196035,Luggage & bags,0.6,0.193606823683,0.410176485777,0.316783279181,0.410176485777,0.316783279181,0.569588243961,0.193606823683,0.569588243961
/home/psawaffle1/.ros/obj_detection_frame0009.jpg,Shoe,0.88,0.040814243257,0.408294141293,0.18799072504,0.408294141293,0.18799072504,0.579941153526,0.040814243257,0.579941153526,Table,0.69,0.503755629063,0.329082608223,0.802622020245,0.329082608223,0.802622020245,0.46086165309,0.503755629063,0.46086165309,Toy,0.56,0.629567623138,0.454330295324,0.718221843243,0.454330295324,0.718221843243,0.62646239996,0.629567623138,0.62646239996
/home/psawaffle1/.ros/obj_detection_frame0010.jpg,Person,0.59,0.343350887299,0.448212653399,0.440946280956,0.448212653399,0.440946280956,0.629756510258,0.343350887299,0.629756510258,Toy,0.51,0.343350887299,0.448212653399,0.440946280956,0.448212653399,0.440946280956,0.629756510258,0.343350887299,0.629756510258
/home/psawaffle1/.ros/obj_detection_frame0011.jpg,Person,0.75,0.212826639414,0.475984573364,0.324708998203,0.475984573364,0.324708998203,0.588337481022,0.212826639414,0.588337481022,Person,0.64,0.0402672961354,0.435036182404,0.145862728357,0.435036182404,0.145862728357,0.63163882494,0.0402672961354,0.63163882494,Toy,0.54,0.0402672961354,0.435036182404,0.145862728357,0.435036182404,0.145862728357,0.63163882494,0.0402672961354,0.63163882494
/home/psawaffle1/.ros/obj_detection_frame0012.jpg,Toy,0.7,0.0374437682331,0.437389105558,0.143980383873,0.437389105558,0.143980383873,0.640109419823,0.0374437682331,0.640109419823,Person,0.61,0.21565015614,0.475043386221,0.320944279432,0.475043386221,0.320944279432,0.590219855309,0.21565015614,0.590219855309
/home/psawaffle1/.ros/obj_detection_frame0013.jpg,Toy,0.72,0.0205025933683,0.437859714031,0.12798038125,0.437859714031,0.12798038125,0.635874152184,0.0205025933683,0.635874152184
/home/psawaffle1/.ros/obj_detection_frame0014.jpg
/home/psawaffle1/.ros/obj_detection_frame0015.jpg,Person,0.73,0.108504638076,0.457235306501,0.21850463748,0.457235306501,0.21850463748,0.582764685154,0.108504638076,0.582764685154,Man,0.69,0.108504638076,0.457235306501,0.21850463748,0.457235306501,0.21850463748,0.582764685154,0.108504638076,0.582764685154,Furniture,0.57,0.246823519468,0.259999990463,0.847764790058,0.259999990463,0.847764790058,0.741411805153,0.246823519468,0.741411805153
/home/psawaffle1/.ros/obj_detection_frame0016.jpg
/home/psawaffle1/.ros/obj_detection_frame0017.jpg
/home/psawaffle1/.ros/obj_detection_frame0018.jpg
/home/psawaffle1/.ros/obj_detection_frame0019.jpg,Toy,0.57,0.371511846781,0.420447945595,0.514283776283,0.420447945595,0.514283776283,0.654697656631,0.371511846781,0.654697656631
/home/psawaffle1/.ros/obj_detection_frame0020.jpg,Person,0.78,0.46327868104,0.0836377665401,0.614219844341,0.0836377665401,0.614219844341,0.198814243078,0.46327868104,0.198814243078
/home/psawaffle1/.ros/obj_detection_frame0021.jpg,Person,0.58,0.431742101908,0.00214964686893,0.674932897091,0.00214964686893,0.674932897091,0.182098016143,0.431742101908,0.182098016143,Flowerpot,0.51,0.150776088238,0.54964196682,0.323849320412,0.54964196682,0.323849320412,0.640649139881,0.150776088238,0.640649139881
/home/psawaffle1/.ros/obj_detection_frame0022.jpg,Bag,0.88,0.401176512241,0.340705901384,0.66682356596,0.340705901384,0.66682356596,0.592705905437,0.401176512241,0.592705905437,Person,0.53,0.743766844273,0.00262023508549,0.988369345665,0.00262023508549,0.988369345665,0.171274483204,0.743766844273,0.171274483204,Man,0.51,0.743766844273,0.00262023508549,0.988369345665,0.00262023508549,0.988369345665,0.171274483204,0.743766844273,0.171274483204
/home/psawaffle1/.ros/obj_detection_frame0023.jpg,Bag,0.73,0.408235311508,0.329882353544,0.674823582172,0.329882353544,0.674823582172,0.620941221714,0.408235311508,0.620941221714
/home/psawaffle1/.ros/obj_detection_frame0024.jpg,Bag,0.84,0.417176485062,0.314352959394,0.689882397652,0.314352959394,0.689882397652,0.602588236332,0.417176485062,0.602588236332
/home/psawaffle1/.ros/obj_detection_frame0025.jpg,Bag,0.8,0.329411774874,0.304000020027,0.638823568821,0.304000020027,0.638823568821,0.602588236332,0.329411774874,0.602588236332,Flowerpot,0.62,0.397463411093,0.56564193964,0.591713070869,0.56564193964,0.591713070869,0.682531476021,0.397463411093,0.682531476021
/home/psawaffle1/.ros/obj_detection_frame0026.jpg,Bag,0.79,0.4181176126,0.26729413867,0.745411813259,0.26729413867,0.745411813259,0.601647078991,0.4181176126,0.601647078991,Skirt,0.54,0.4181176126,0.26729413867,0.745411813259,0.26729413867,0.745411813259,0.601647078991,0.4181176126,0.601647078991
/home/psawaffle1/.ros/obj_detection_frame0027.jpg,Bag,0.84,0.376705884933,0.240000009537,0.752000033855,0.240000009537,0.752000033855,0.597411811352,0.376705884933,0.597411811352,Skirt,0.73,0.376705884933,0.240000009537,0.752000033855,0.240000009537,0.752000033855,0.597411811352,0.376705884933,0.597411811352,Furniture,0.67,0.0914633944631,0.172456204891,0.41041892767,0.172456204891,0.41041892767,0.607073247433,0.0914633944631,0.607073247433,Chest of drawers,0.6,0.0914633944631,0.172456204891,0.41041892767,0.172456204891,0.41041892767,0.607073247433,0.0914633944631,0.607073247433
/home/psawaffle1/.ros/obj_detection_frame0028.jpg,Bag,0.74,0.296941190958,0.203529432416,0.660000026226,0.203529432416,0.660000026226,0.560000002384,0.296941190958,0.560000002384,Chest of drawers,0.59,0.00652222335339,0.150338560343,0.316066026688,0.150338560343,0.316066026688,0.620720267296,0.00652222335339,0.620720267296,Furniture,0.54,0.00652222335339,0.150338560343,0.316066026688,0.150338560343,0.316066026688,0.620720267296,0.00652222335339,0.620720267296,Skirt,0.51,0.296941190958,0.203529432416,0.660000026226,0.203529432416,0.660000026226,0.560000002384,0.296941190958,0.560000002384
/home/psawaffle1/.ros/obj_detection_frame0029.jpg,Bag,0.82,0.377176463604,0.203058853745,0.760000050068,0.203058853745,0.760000050068,0.560000002384,0.377176463604,0.560000002384,Skirt,0.59,0.377176463604,0.203058853745,0.760000050068,0.203058853745,0.760000050068,0.560000002384,0.377176463604,0.560000002384
/home/psawaffle1/.ros/obj_detection_frame0030.jpg,Computer monitor,0.61,0.707294166088,0.314823538065,0.939999938011,0.314823538065,0.939999938011,0.62752944231,0.707294166088,0.62752944231
/home/psawaffle1/.ros/obj_detection_frame0031.jpg,Person,0.64,0.868876159191,0.0328885354102,0.995817303658,0.0328885354102,0.995817303658,0.154182657599,0.868876159191,0.154182657599,Computer monitor,0.53,0.396700888872,0.315811038017,0.576475560665,0.315811038017,0.576475560665,0.611396372318,0.396700888872,0.611396372318
/home/psawaffle1/.ros/obj_detection_frame0032.jpg,Person,0.77,0.86746442318,0.0281826574355,0.99769961834,0.0281826574355,0.99769961834,0.153712078929,0.86746442318,0.153712078929,Computer monitor,0.54,0.382286936045,0.297867953777,0.578889548779,0.297867953777,0.578889548779,0.646367371082,0.382286936045,0.646367371082
/home/psawaffle1/.ros/obj_detection_frame0033.jpg,Person,0.72,0.877817332745,0.00135912850965,0.99911147356,0.00135912850965,0.99911147356,0.134888544679,0.877817332745,0.134888544679,Computer monitor,0.59,0.374286949635,0.288456231356,0.58641898632,0.288456231356,0.58641898632,0.636485040188,0.374286949635,0.636485040188
/home/psawaffle1/.ros/obj_detection_frame0034.jpg,Person,0.56,0.803068161011,0.0201826561242,0.935656368732,0.0201826561242,0.935656368732,0.133947372437,0.803068161011,0.133947372437,Computer monitor,0.55,0.262992829084,0.277162075043,0.487830728292,0.277162075043,0.487830728292,0.651543855667,0.262992829084,0.651543855667
/home/psawaffle1/.ros/obj_detection_frame0035.jpg,Man,0.62,0.706194043159,0.0167378839105,0.911267399788,0.0167378839105,0.911267399788,0.137392148376,0.706194043159,0.137392148376,Person,0.56,0.706194043159,0.0167378839105,0.911267399788,0.0167378839105,0.911267399788,0.137392148376,0.706194043159,0.137392148376,Computer monitor,0.55,0.130522221327,0.255985617638,0.382183670998,0.255985617638,0.382183670998,0.667073249817,0.130522221327,0.667073249817
/home/psawaffle1/.ros/obj_detection_frame0036.jpg,Person,0.82,0.602813303471,0.00967905856669,0.810709953308,0.00967905856669,0.810709953308,0.129392147064,0.602813303471,0.129392147064,Luggage & bags,0.73,0.820254921913,0.373463362455,0.985614955425,0.373463362455,0.985614955425,0.602066040039,0.820254921913,0.602066040039,Television,0.65,0.00322810560465,0.217397376895,0.253007203341,0.217397376895,0.253007203341,0.661426186562,0.00322810560465,0.661426186562
/home/psawaffle1/.ros/obj_detection_frame0037.jpg,Person,0.72,0.490020692348,0.0073261205107,0.70262336731,0.0073261205107,0.70262336731,0.134568616748,0.490020692348,0.134568616748,Luggage & bags,0.71,0.710756540298,0.383345752954,0.882234275341,0.383345752954,0.882234275341,0.616183698177,0.710756540298,0.616183698177
/home/psawaffle1/.ros/obj_detection_frame0038.jpg,Luggage & bags,0.64,0.612081587315,0.381933987141,0.779324054718,0.381933987141,0.779324054718,0.608183681965,0.612081587315,0.608183681965,Backpack,0.58,0.612081587315,0.381933987141,0.779324054718,0.381933987141,0.779324054718,0.608183681965,0.612081587315,0.608183681965
/home/psawaffle1/.ros/obj_detection_frame0039.jpg,Luggage & bags,0.61,0.392217755318,0.38146340847,0.541107296944,0.38146340847,0.541107296944,0.602066040039,0.392217755318,0.602066040039,Backpack,0.55,0.392217755318,0.38146340847,0.541107296944,0.38146340847,0.541107296944,0.602066040039,0.392217755318,0.602066040039,Ceiling fan,0.54,0.150393411517,0.00294021144509,0.416789233685,0.00294021144509,0.416789233685,0.115425102413,0.150393411517,0.115425102413
/home/psawaffle1/.ros/obj_detection_frame0040.jpg
/home/psawaffle1/.ros/obj_detection_frame0041.jpg,Toy,0.63,0.792093992233,0.423742026091,0.917924702168,0.423742026091,0.917924702168,0.654697656631,0.792093992233,0.654697656631
/home/psawaffle1/.ros/obj_detection_frame0042.jpg
/home/psawaffle1/.ros/obj_detection_frame0043.jpg,Luggage & bags,0.64,0.222558304667,0.375345736742,0.390742003918,0.375345736742,0.390742003918,0.606301367283,0.222558304667,0.606301367283,Backpack,0.63,0.222558304667,0.375345736742,0.390742003918,0.375345736742,0.390742003918,0.606301367283,0.222558304667,0.606301367283,Chair,0.6,0.74919629097,0.288987517357,0.888500392437,0.288987517357,0.888500392437,0.580808103085,0.74919629097,0.580808103085
/home/psawaffle1/.ros/obj_detection_frame0044.jpg,Chair,0.65,0.752960979939,0.287575751543,0.892735660076,0.287575751543,0.892735660076,0.578455209732,0.752960979939,0.578455209732,Backpack,0.64,0.22632303834,0.374875158072,0.390742003918,0.374875158072,0.390742003918,0.606301367283,0.22632303834,0.606301367283,Luggage & bags,0.62,0.22632303834,0.374875158072,0.390742003918,0.374875158072,0.390742003918,0.606301367283,0.22632303834,0.606301367283
/home/psawaffle1/.ros/obj_detection_frame0045.jpg,Backpack,0.59,0.292997956276,0.372051626444,0.458828628063,0.372051626444,0.458828628063,0.606772005558,0.292997956276,0.606772005558,Luggage & bags,0.58,0.292997956276,0.372051626444,0.458828628063,0.372051626444,0.458828628063,0.606772005558,0.292997956276,0.606772005558
python cloud_vision.py /home/psawaffle1/.ros/obj_detection_frame0000.jpg: 1664.08586502 ms
python cloud_vision.py /home/psawaffle1/.ros/obj_detection_frame0001.jpg: 1694.17309761 ms
python cloud_vision.py /home/psawaffle1/.ros/obj_detection_frame0002.jpg: 1600.93307495 ms
python cloud_vision.py /home/psawaffle1/.ros/obj_detection_frame0003.jpg: 1626.84798241 ms
python cloud_vision.py /home/psawaffle1/.ros/obj_detection_frame0004.jpg: 1645.99609375 ms
python cloud_vision.py /home/psawaffle1/.ros/obj_detection_frame0005.jpg: 1538.49816322 ms
python cloud_vision.py /home/psawaffle1/.ros/obj_detection_frame0006.jpg: 1629.65703011 ms
python cloud_vision.py /home/psawaffle1/.ros/obj_detection_frame0007.jpg: 1585.31212807 ms
python cloud_vision.py /home/psawaffle1/.ros/obj_detection_frame0008.jpg: 1610.92615128 ms
python cloud_vision.py /home/psawaffle1/.ros/obj_detection_frame0009.jpg: 1673.83885384 ms
python cloud_vision.py /home/psawaffle1/.ros/obj_detection_frame0010.jpg: 1646.82221413 ms
python cloud_vision.py /home/psawaffle1/.ros/obj_detection_frame0011.jpg: 1653.47909927 ms
python cloud_vision.py /home/psawaffle1/.ros/obj_detection_frame0012.jpg: 1578.02009583 ms
python cloud_vision.py /home/psawaffle1/.ros/obj_detection_frame0013.jpg: 1624.9871254 ms
python cloud_vision.py /home/psawaffle1/.ros/obj_detection_frame0014.jpg: 1611.87887192 ms
python cloud_vision.py /home/psawaffle1/.ros/obj_detection_frame0015.jpg: 1569.3769455 ms
python cloud_vision.py /home/psawaffle1/.ros/obj_detection_frame0016.jpg: 1584.72704887 ms
python cloud_vision.py /home/psawaffle1/.ros/obj_detection_frame0017.jpg: 1599.38597679 ms
python cloud_vision.py /home/psawaffle1/.ros/obj_detection_frame0018.jpg: 1661.40794754 ms
python cloud_vision.py /home/psawaffle1/.ros/obj_detection_frame0019.jpg: 1650.99906921 ms
python cloud_vision.py /home/psawaffle1/.ros/obj_detection_frame0020.jpg: 1623.88801575 ms
python cloud_vision.py /home/psawaffle1/.ros/obj_detection_frame0021.jpg: 1645.11013031 ms
python cloud_vision.py /home/psawaffle1/.ros/obj_detection_frame0022.jpg: 1585.8938694 ms
python cloud_vision.py /home/psawaffle1/.ros/obj_detection_frame0023.jpg: 1579.17380333 ms
python cloud_vision.py /home/psawaffle1/.ros/obj_detection_frame0024.jpg: 1584.97595787 ms
python cloud_vision.py /home/psawaffle1/.ros/obj_detection_frame0025.jpg: 1577.71420479 ms
python cloud_vision.py /home/psawaffle1/.ros/obj_detection_frame0026.jpg: 1595.13092041 ms
python cloud_vision.py /home/psawaffle1/.ros/obj_detection_frame0027.jpg: 1570.40500641 ms
python cloud_vision.py /home/psawaffle1/.ros/obj_detection_frame0028.jpg: 1618.65496635 ms
python cloud_vision.py /home/psawaffle1/.ros/obj_detection_frame0029.jpg: 1675.97413063 ms
python cloud_vision.py /home/psawaffle1/.ros/obj_detection_frame0030.jpg: 1680.16886711 ms
python cloud_vision.py /home/psawaffle1/.ros/obj_detection_frame0031.jpg: 1535.10522842 ms
python cloud_vision.py /home/psawaffle1/.ros/obj_detection_frame0032.jpg: 1616.53590202 ms
python cloud_vision.py /home/psawaffle1/.ros/obj_detection_frame0033.jpg: 1572.87287712 ms
python cloud_vision.py /home/psawaffle1/.ros/obj_detection_frame0034.jpg: 1611.45710945 ms
python cloud_vision.py /home/psawaffle1/.ros/obj_detection_frame0035.jpg: 1575.7329464 ms
python cloud_vision.py /home/psawaffle1/.ros/obj_detection_frame0036.jpg: 1612.78581619 ms
python cloud_vision.py /home/psawaffle1/.ros/obj_detection_frame0037.jpg: 1582.73792267 ms
python cloud_vision.py /home/psawaffle1/.ros/obj_detection_frame0038.jpg: 1620.74398994 ms
python cloud_vision.py /home/psawaffle1/.ros/obj_detection_frame0039.jpg: 1590.8370018 ms
python cloud_vision.py /home/psawaffle1/.ros/obj_detection_frame0040.jpg: 1633.41617584 ms
python cloud_vision.py /home/psawaffle1/.ros/obj_detection_frame0041.jpg: 1595.15690804 ms
python cloud_vision.py /home/psawaffle1/.ros/obj_detection_frame0042.jpg: 1662.25481033 ms
python cloud_vision.py /home/psawaffle1/.ros/obj_detection_frame0043.jpg: 1645.24793625 ms
python cloud_vision.py /home/psawaffle1/.ros/obj_detection_frame0044.jpg: 1626.10888481 ms
python/home/psawaffle1/.ros/obj_detection_frame0046.jpg,Luggage & bags,0.59,0.331115603447,0.376757502556,0.498828649521,0.376757502556,0.498828649521,0.608654260635,0.331115603447,0.608654260635,Backpack,0.53,0.331115603447,0.376757502556,0.498828649521,0.376757502556,0.498828649521,0.608654260635,0.331115603447,0.608654260635
/home/psawaffle1/.ros/obj_detection_frame0047.jpg,Luggage & bags,0.58,0.340923637152,0.375345736742,0.509577929974,0.375345736742,0.509577929974,0.609124898911,0.340923637152,0.609124898911,Bag,0.53,0.340923637152,0.375345736742,0.509577929974,0.375345736742,0.509577929974,0.609124898911,0.340923637152,0.609124898911
/home/psawaffle1/.ros/obj_detection_frame0048.jpg,Luggage & bags,0.61,0.346570670605,0.367816329002,0.525577902794,0.367816329002,0.525577902794,0.609595477581,0.346570670605,0.609595477581,Backpack,0.59,0.346570670605,0.367816329002,0.525577902794,0.367816329002,0.525577902794,0.609595477581,0.346570670605,0.609595477581,Bag,0.54,0.346570670605,0.367816329002,0.525577902794,0.367816329002,0.525577902794,0.609595477581,0.346570670605,0.609595477581
/home/psawaffle1/.ros/obj_detection_frame0049.jpg,Bag,0.76,0.461716264486,0.372522205114,0.63742929697,0.372522205114,0.63742929697,0.612419009209,0.461716264486,0.612419009209,Luggage & bags,0.63,0.461716264486,0.372522205114,0.63742929697,0.372522205114,0.63742929697,0.612419009209,0.461716264486,0.612419009209,Backpack,0.5,0.461716264486,0.372522205114,0.63742929697,0.372522205114,0.63742929697,0.612419009209,0.461716264486,0.612419009209
/home/psawaffle1/.ros/obj_detection_frame0050.jpg,Bag,0.79,0.462186872959,0.37063986063,0.639782249928,0.37063986063,0.639782249928,0.614301323891,0.462186872959,0.614301323891,Luggage & bags,0.65,0.462186872959,0.37063986063,0.639782249928,0.37063986063,0.639782249928,0.614301323891,0.462186872959,0.614301323891
/home/psawaffle1/.ros/obj_detection_frame0051.jpg,Luggage & bags,0.72,0.472539812326,0.364051640034,0.658135175705,0.364051640034,0.658135175705,0.615713119507,0.472539812326,0.615713119507,Backpack,0.67,0.472539812326,0.364051640034,0.658135175705,0.364051640034,0.658135175705,0.615713119507,0.472539812326,0.615713119507
/home/psawaffle1/.ros/obj_detection_frame0052.jpg,Luggage & bags,0.71,0.459999978542,0.335058838129,0.681882381439,0.335058838129,0.681882381439,0.622823536396,0.459999978542,0.622823536396,Backpack,0.69,0.459999978542,0.335058838129,0.681882381439,0.335058838129,0.681882381439,0.622823536396,0.459999978542,0.622823536396
/home/psawaffle1/.ros/obj_detection_frame0053.jpg,Luggage & bags,0.76,0.629411816597,0.332705914974,0.863529384136,0.332705914974,0.863529384136,0.620000004768,0.629411816597,0.620000004768,Backpack,0.75,0.629411816597,0.332705914974,0.863529384136,0.332705914974,0.863529384136,0.620000004768,0.629411816597,0.620000004768
/home/psawaffle1/.ros/obj_detection_frame0054.jpg,Luggage & bags,0.81,0.652470588684,0.330352962017,0.896000027657,0.330352962017,0.896000027657,0.634588241577,0.652470588684,0.634588241577,Vase,0.68,0.254051655531,0.296691507101,0.413007199764,0.296691507101,0.413007199764,0.736955583096,0.254051655531,0.736955583096,Backpack,0.66,0.652470588684,0.330352962017,0.896000027657,0.330352962017,0.896000027657,0.634588241577,0.652470588684,0.634588241577
/home/psawaffle1/.ros/obj_detection_frame0055.jpg,Luggage & bags,0.7,0.660000026226,0.322352945805,0.916705906391,0.322352945805,0.916705906391,0.632235348225,0.660000026226,0.632235348225,Backpack,0.63,0.660000026226,0.322352945805,0.916705906391,0.322352945805,0.916705906391,0.632235348225,0.660000026226,0.632235348225
/home/psawaffle1/.ros/obj_detection_frame0056.jpg,Bottle,0.67,0.492639869452,0.290573865175,0.683595478535,0.290573865175,0.683595478535,0.751073241234,0.492639869452,0.751073241234
/home/psawaffle1/.ros/obj_detection_frame0057.jpg
/home/psawaffle1/.ros/obj_detection_frame0058.jpg,Television,0.55,0.00340178981423,0.0866500064731,0.296598225832,0.0866500064731,0.296598225832,0.669820606709,0.00340178981423,0.669820606709
/home/psawaffle1/.ros/obj_detection_frame0059.jpg,Television,0.63,0.0809009969234,0.0418019555509,0.428275495768,0.0418019555509,0.428275495768,0.678198039532,0.0809009969234,0.678198039532
/home/psawaffle1/.ros/obj_detection_frame0060.jpg,Television,0.56,0.0606470778584,0.215000003576,0.584999978542,0.215000003576,0.584999978542,0.717705905437,0.0606470778584,0.717705905437,Computer monitor,0.53,0.0606470778584,0.215000003576,0.584999978542,0.215000003576,0.584999978542,0.717705905437,0.0606470778584,0.717705905437
/home/psawaffle1/.ros/obj_detection_frame0061.jpg,Television,0.61,0.139999985695,0.140000000596,0.740000009537,0.140000000596,0.740000009537,0.740000009537,0.139999985695,0.740000009537,Computer monitor,0.6,0.139999985695,0.140000000596,0.740000009537,0.140000000596,0.740000009537,0.740000009537,0.139999985695,0.740000009537
/home/psawaffle1/.ros/obj_detection_frame0062.jpg,Computer monitor,0.57,0.187058806419,0.140000000596,0.740000009537,0.140000000596,0.740000009537,0.740000009537,0.187058806419,0.740000009537,Television,0.51,0.187058806419,0.140000000596,0.740000009537,0.140000000596,0.740000009537,0.740000009537,0.187058806419,0.740000009537
/home/psawaffle1/.ros/obj_detection_frame0063.jpg,Computer monitor,0.6,0.259999990463,0.140000000596,0.792235314846,0.140000000596,0.792235314846,0.740000009537,0.259999990463,0.740000009537,Television,0.53,0.259999990463,0.140000000596,0.792235314846,0.140000000596,0.792235314846,0.740000009537,0.259999990463,0.740000009537
/home/psawaffle1/.ros/obj_detection_frame0064.jpg,Computer monitor,0.57,0.25905880332,0.140000000596,0.793647050858,0.140000000596,0.793647050858,0.740941166878,0.25905880332,0.740941166878
/home/psawaffle1/.ros/obj_detection_frame0065.jpg,Television,0.57,0.255764693022,0.140000000596,0.794117629528,0.140000000596,0.794117629528,0.740000009537,0.255764693022,0.740000009537,Computer monitor,0.56,0.255764693022,0.140000000596,0.794117629528,0.140000000596,0.794117629528,0.740000009537,0.255764693022,0.740000009537
/home/psawaffle1/.ros/obj_detection_frame0066.jpg,Computer monitor,0.6,0.255294114351,0.140000000596,0.793647050858,0.140000000596,0.793647050858,0.740000009537,0.255294114351,0.740000009537
/home/psawaffle1/.ros/obj_detection_frame0067.jpg,Television,0.73,0.00340178981423,0.0767676457763,0.296598225832,0.0767676457763,0.296598225832,0.669820606709,0.00340178981423,0.669820606709
/home/psawaffle1/.ros/obj_detection_frame0068.jpg
/home/psawaffle1/.ros/obj_detection_frame0069.jpg,Lighting,0.53,0.323401808739,0.0111205708236,0.388362944126,0.0111205708236,0.388362944126,0.569820582867,0.323401808739,0.569820582867
/home/psawaffle1/.ros/obj_detection_frame0070.jpg,Vase,0.53,0.703934013844,0.314103275537,0.85206592083,0.314103275537,0.85206592083,0.728955566883,0.703934013844,0.728955566883
/home/psawaffle1/.ros/obj_detection_frame0071.jpg
/home/psawaffle1/.ros/obj_detection_frame0072.jpg
/home/psawaffle1/.ros/obj_detection_frame0073.jpg
/home/psawaffle1/.ros/obj_detection_frame0074.jpg,Television,0.62,0.00393398106098,0.240456208587,0.159124836326,0.240456208587,0.159124836326,0.639779150486,0.00393398106098,0.639779150486
/home/psawaffle1/.ros/obj_detection_frame0075.jpg,Television,0.73,0.00393398106098,0.255515038967,0.180771902204,0.255515038967,0.180771902204,0.645896792412,0.00393398106098,0.645896792412
/home/psawaffle1/.ros/obj_detection_frame0076.jpg,Television,0.61,0.00134575366974,0.265867978334,0.2111248523,0.265867978334,0.2111248523,0.635543823242,0.00134575366974,0.635543823242,Luggage & bags,0.6,0.916973292828,0.35761910677,0.996512770653,0.35761910677,0.996512770653,0.609439730644,0.916973292828,0.609439730644
/home/psawaffle1/.ros/obj_detection_frame0077.jpg,Luggage & bags,0.78,0.877196133137,0.375345736742,0.999732673168,0.375345736742,0.999732673168,0.603948414326,0.877196133137,0.603948414326,Person,0.73,0.649797737598,0.00356141105294,0.870400428772,0.00356141105294,0.870400428772,0.127039194107,0.649797737598,0.127039194107,Television,0.58,0.00322810560465,0.276220917702,0.216301321983,0.276220917702,0.216301321983,0.639308571815,0.00322810560465,0.639308571815,Man,0.56,0.649797737598,0.00356141105294,0.870400428772,0.00356141105294,0.870400428772,0.127039194107,0.649797737598,0.127039194107
/home/psawaffle1/.ros/obj_detection_frame0078.jpg,Person,0.78,0.700157940388,0.0225355997682,0.836981415749,0.0225355997682,0.836981415749,0.145241484046,0.700157940388,0.145241484046,Person,0.64,0.37816926837,0.0101496484131,0.59688949585,0.0101496484131,0.59688949585,0.133627429605,0.37816926837,0.133627429605,Man,0.6,0.37816926837,0.0101496484131,0.59688949585,0.0101496484131,0.59688949585,0.133627429605,0.37816926837,0.133627429605
/home/psawaffle1/.ros/obj_detection_frame0079.jpg
/home/psawaffle1/.ros/obj_detection_frame0080.jpg,Toy,0.7,0.26911047101,0.372456222773,0.439830720425,0.372456222773,0.439830720425,0.724720299244,0.26911047101,0.724720299244
/home/psawaffle1/.ros/obj_detection_frame0081.jpg,Toy,0.75,0.254992842674,0.368220925331,0.433713108301,0.368220925331,0.433713108301,0.738837957382,0.254992842674,0.738837957382
/home/psawaffle1/.ros/obj_detection_frame0082.jpg,Toy,0.74,0.21969871223,0.333397388458,0.413948386908,0.333397388458,0.413948386908,0.765190899372,0.21969871223,0.765190899372
/home/psawaffle1/.ros/obj_detection_frame0083.jpg,Toy,0.7,0.0109312012792,0.295591175556,0.252362936735,0.295591175556,0.252362936735,0.842526555061,0.0109312012792,0.842526555061,Table,0.64,0.00603182427585,0.600128293037,0.996791660786,0.600128293037,0.996791660786,0.999714970589,0.00603182427585,0.999714970589
/home/psawaffle1/.ros/obj_detection_frame0084.jpg
/home/psawaffle1/.ros/obj_detection_frame0085.jpg,Helmet,0.72,0.00606501009315,0.441161036491,0.174417957664,0.441161036491,0.174417957664,0.62833750248,0.00606501009315,0.62833750248
/home/psawaffle1/.ros/obj_detection_frame0086.jpg,Helmet,0.54,0.00309082679451,0.42844799161,0.153392136097,0.42844799161,0.153392136097,0.639168322086,0.00309082679451,0.639168322086
/home/psawaffle1/.ros/obj_detection_frame0087.jpg
/home/psawaffle1/.ros/obj_detection_frame0088.jpg
/home/psawaffle1/.ros/obj_detection_frame0089.jpg,Table,0.61,0.0157359279692,0.561201334,0.984264075756,0.561201334,0.984264075756,0.996289014816,0.0157359279692,0.996289014816
/home/psawaffle1/.ros/obj_detection_frame0090.jpg
 cloud_vision.py /home/psawaffle1/.ros/obj_detection_frame0045.jpg: 1552.29401588 ms
python cloud_vision.py /home/psawaffle1/.ros/obj_detection_frame0046.jpg: 1673.39491844 ms
python cloud_vision.py /home/psawaffle1/.ros/obj_detection_frame0047.jpg: 1557.73997307 ms
python cloud_vision.py /home/psawaffle1/.ros/obj_detection_frame0048.jpg: 1585.13498306 ms
python cloud_vision.py /home/psawaffle1/.ros/obj_detection_frame0049.jpg: 1601.2160778 ms
python cloud_vision.py /home/psawaffle1/.ros/obj_detection_frame0050.jpg: 1630.05709648 ms
python cloud_vision.py /home/psawaffle1/.ros/obj_detection_frame0051.jpg: 1593.42908859 ms
python cloud_vision.py /home/psawaffle1/.ros/obj_detection_frame0052.jpg: 1622.05886841 ms
python cloud_vision.py /home/psawaffle1/.ros/obj_detection_frame0053.jpg: 1605.37719727 ms
python cloud_vision.py /home/psawaffle1/.ros/obj_detection_frame0054.jpg: 1636.88397408 ms
python cloud_vision.py /home/psawaffle1/.ros/obj_detection_frame0055.jpg: 1622.13397026 ms
python cloud_vision.py /home/psawaffle1/.ros/obj_detection_frame0056.jpg: 1639.097929 ms
python cloud_vision.py /home/psawaffle1/.ros/obj_detection_frame0057.jpg: 1645.75982094 ms
python cloud_vision.py /home/psawaffle1/.ros/obj_detection_frame0058.jpg: 1639.27006721 ms
python cloud_vision.py /home/psawaffle1/.ros/obj_detection_frame0059.jpg: 1618.78085136 ms
python cloud_vision.py /home/psawaffle1/.ros/obj_detection_frame0060.jpg: 1594.51913834 ms
python cloud_vision.py /home/psawaffle1/.ros/obj_detection_frame0061.jpg: 1466.11690521 ms
python cloud_vision.py /home/psawaffle1/.ros/obj_detection_frame0062.jpg: 1551.9080162 ms
python cloud_vision.py /home/psawaffle1/.ros/obj_detection_frame0063.jpg: 1618.59917641 ms
python cloud_vision.py /home/psawaffle1/.ros/obj_detection_frame0064.jpg: 1522.45903015 ms
python cloud_vision.py /home/psawaffle1/.ros/obj_detection_frame0065.jpg: 1647.02796936 ms
python cloud_vision.py /home/psawaffle1/.ros/obj_detection_frame0066.jpg: 1632.25913048 ms
python cloud_vision.py /home/psawaffle1/.ros/obj_detection_frame0067.jpg: 1651.94797516 ms
python cloud_vision.py /home/psawaffle1/.ros/obj_detection_frame0068.jpg: 1646.61002159 ms
python cloud_vision.py /home/psawaffle1/.ros/obj_detection_frame0069.jpg: 1548.23613167 ms
python cloud_vision.py /home/psawaffle1/.ros/obj_detection_frame0070.jpg: 2288.33508492 ms
python cloud_vision.py /home/psawaffle1/.ros/obj_detection_frame0071.jpg: 1634.03010368 ms
python cloud_vision.py /home/psawaffle1/.ros/obj_detection_frame0072.jpg: 1571.21419907 ms
python cloud_vision.py /home/psawaffle1/.ros/obj_detection_frame0073.jpg: 1665.9309864 ms
python cloud_vision.py /home/psawaffle1/.ros/obj_detection_frame0074.jpg: 1771.42715454 ms
python cloud_vision.py /home/psawaffle1/.ros/obj_detection_frame0075.jpg: 1583.15110207 ms
python cloud_vision.py /home/psawaffle1/.ros/obj_detection_frame0076.jpg: 1670.03583908 ms
python cloud_vision.py /home/psawaffle1/.ros/obj_detection_frame0077.jpg: 1774.05500412 ms
python cloud_vision.py /home/psawaffle1/.ros/obj_detection_frame0078.jpg: 1654.21199799 ms
python cloud_vision.py /home/psawaffle1/.ros/obj_detection_frame0079.jpg: 1745.34010887 ms
python cloud_vision.py /home/psawaffle1/.ros/obj_detection_frame0080.jpg: 1815.70792198 ms
python cloud_vision.py /home/psawaffle1/.ros/obj_detection_frame0081.jpg: 1567.30699539 ms
python cloud_vision.py /home/psawaffle1/.ros/obj_detection_frame0082.jpg: 1614.97783661 ms
python cloud_vision.py /home/psawaffle1/.ros/obj_detection_frame0083.jpg: 1610.29100418 ms
python cloud_vision.py /home/psawaffle1/.ros/obj_detection_frame0084.jpg: 1568.76897812 ms
python cloud_vision.py /home/psawaffle1/.ros/obj_detection_frame0085.jpg: 1732.95402527 ms
python cloud_vision.py /home/psawaffle1/.ros/obj_detection_frame0086.jpg: 1604.44808006 ms
python cloud_vision.py /home/psawaffle1/.ros/obj_detection_frame0087.jpg: 1635.97607613 ms
python cloud_vision.py /home/psawaffle1/.ros/obj_detection_frame0088.jpg: 1649.8708725 ms
python cloud_vision.py /home/psawaffle1/.ros/obj_detection_frame0089.jpg: 1623.75283241 ms
python cloud_/home/psawaffle1/.ros/obj_detection_frame0091.jpg
/home/psawaffle1/.ros/obj_detection_frame0092.jpg,Furniture,0.54,0.792900979519,0.198037236929,0.999099075794,0.198037236929,0.999099075794,0.78784507513,0.792900979519,0.78784507513
/home/psawaffle1/.ros/obj_detection_frame0093.jpg
/home/psawaffle1/.ros/obj_detection_frame0094.jpg
/home/psawaffle1/.ros/obj_detection_frame0095.jpg,Flowerpot,0.69,0.469097226858,0.556380689144,0.650754213333,0.556380689144,0.650754213333,0.840671956539,0.469097226858,0.840671956539,Vase,0.51,0.469097226858,0.556380689144,0.650754213333,0.556380689144,0.650754213333,0.840671956539,0.469097226858,0.840671956539
/home/psawaffle1/.ros/obj_detection_frame0096.jpg,Nightstand,0.59,0.467228114605,0.564926803112,0.680771946907,0.564926803112,0.680771946907,0.917190849781,0.467228114605,0.917190849781
/home/psawaffle1/.ros/obj_detection_frame0097.jpg
/home/psawaffle1/.ros/obj_detection_frame0098.jpg
/home/psawaffle1/.ros/obj_detection_frame0099.jpg
/home/psawaffle1/.ros/obj_detection_frame0100.jpg,Person,0.82,0.40029412508,0.434102207422,0.584647059441,0.434102207422,0.584647059441,0.626455128193,0.40029412508,0.626455128193
/home/psawaffle1/.ros/obj_detection_frame0101.jpg,Person,0.95,0.00139680504799,0.170269101858,0.289897322655,0.170269101858,0.289897322655,0.949730932713,0.00139680504799,0.949730932713,Ball,0.7,0.104739926755,0.755068123341,0.302269339561,0.755068123341,0.302269339561,0.951656341553,0.104739926755,0.951656341553,Hat,0.57,0.0,0.181371405721,0.152128830552,0.181371405721,0.152128830552,0.459074378014,0.0,0.459074378014
/home/psawaffle1/.ros/obj_detection_frame0102.jpg,Toy,0.75,0.22786796093,0.13573589921,0.652132034302,0.13573589921,0.652132034302,0.947087585926,0.22786796093,0.947087585926,Ball,0.54,0.184591323137,0.732083678246,0.369885474443,0.732083678246,0.369885474443,0.924907147884,0.184591323137,0.924907147884,Ball,0.53,0.475984573364,0.753656387329,0.665513932705,0.753656387329,0.665513932705,0.951185762882,0.475984573364,0.951185762882
/home/psawaffle1/.ros/obj_detection_frame0103.jpg,Toy,0.8,0.22786796093,0.13573589921,0.652132034302,0.13573589921,0.652132034302,0.944264054298,0.22786796093,0.944264054298,Ball,0.52,0.192591324449,0.732083678246,0.375532537699,0.732083678246,0.375532537699,0.915965974331,0.192591324449,0.915965974331,Ball,0.51,0.475984573364,0.739613115788,0.663161039352,0.739613115788,0.663161039352,0.933848321438,0.475984573364,0.933848321438
/home/psawaffle1/.ros/obj_detection_frame0104.jpg,Toy,0.81,0.280900985003,0.241801947355,0.627334296703,0.241801947355,0.627334296703,0.878198087215,0.280900985003,0.878198087215,Person,0.72,0.158312693238,0.0248885434121,0.303136229515,0.0248885434121,0.303136229515,0.130653247237,0.158312693238,0.130653247237
/home/psawaffle1/.ros/obj_detection_frame0105.jpg,Toy,0.72,0.280900985003,0.241801947355,0.627334296703,0.241801947355,0.627334296703,0.832080423832,0.280900985003,0.832080423832,Person,0.63,0.152187854052,0.0388555303216,0.352555215359,0.0388555303216,0.352555215359,0.15433332324,0.152187854052,0.15433332324,Man,0.61,0.152187854052,0.0388555303216,0.352555215359,0.0388555303216,0.352555215359,0.15433332324,0.152187854052,0.15433332324
/home/psawaffle1/.ros/obj_detection_frame0106.jpg,Man,0.73,0.150305509567,0.0580753535032,0.358202248812,0.0580753535032,0.358202248812,0.172611966729,0.150305509567,0.172611966729,Toy,0.6,0.30340179801,0.277238219976,0.596598207951,0.277238219976,0.596598207951,0.813820660114,0.30340179801,0.813820660114
/home/psawaffle1/.ros/obj_detection_frame0107.jpg,Toy,0.68,0.383933991194,0.301397383213,0.67371314764,0.301397383213,0.67371314764,0.791073203087,0.383933991194,0.791073203087,Man,0.64,0.224509805441,0.0346202366054,0.438994795084,0.0346202366054,0.438994795084,0.166098028421,0.224509805441,0.166098028421,Person,0.55,0.224509805441,0.0346202366054,0.438994795084,0.0346202366054,0.438994795084,0.166098028421,0.224509805441,0.166098028421,Man,0.51,0.0051238341257,0.000417951960117,0.141947373748,0.000417951960117,0.141947373748,0.148535594344,0.0051238341257,0.148535594344
/home/psawaffle1/.ros/obj_detection_frame0108.jpg,Person,0.86,0.0012841373682,0.35017940402,0.110480569303,0.35017940402,0.110480569303,0.829820632935,0.0012841373682,0.829820632935,Person,0.72,0.595365345478,0.270634651184,0.720424115658,0.270634651184,0.720424115658,0.420164078474,0.595365345478,0.420164078474
/home/psawaffle1/.ros/obj_detection_frame0109.jpg,Helmet,0.88,0.518733799458,0.43692573905,0.695557296276,0.43692573905,0.695557296276,0.62880808115,0.518733799458,0.62880808115
/home/psawaffle1/.ros/obj_detection_frame0110.jpg,Helmet,0.89,0.415823549032,0.435043394566,0.598764717579,0.435043394566,0.598764717579,0.62833750248,0.415823549032,0.62833750248,Table,0.6,0.173867985606,0.236639887094,0.570837914944,0.236639887094,0.570837914944,0.418183684349,0.173867985606,0.418183684349
/home/psawaffle1/.ros/obj_detection_frame0111.jpg,Helmet,0.88,0.411117643118,0.432690441608,0.596882343292,0.432690441608,0.596882343292,0.629749238491,0.411117643118,0.629749238491
/home/psawaffle1/.ros/obj_detection_frame0112.jpg,Helmet,0.88,0.411588251591,0.433631628752,0.596882343292,0.433631628752,0.596882343292,0.631161034107,0.411588251591,0.631161034107
/home/psawaffle1/.ros/obj_detection_frame0113.jpg,Helmet,0.86,0.318560361862,0.427588254213,0.501030921936,0.427588254213,0.501030921936,0.618529379368,0.318560361862,0.618529379368,Person,0.53,0.0887399315834,0.247105225921,0.247210532427,0.247105225921,0.247210532427,0.414987623692,0.0887399315834,0.414987623692
/home/psawaffle1/.ros/obj_detection_frame0114.jpg,Helmet,0.88,0.28750154376,0.437396347523,0.469030946493,0.437396347523,0.469030946493,0.626925706863,0.28750154376,0.626925706863
/home/psawaffle1/.ros/obj_detection_frame0115.jpg,Helmet,0.88,0.277619183064,0.427043378353,0.472795635462,0.427043378353,0.472795635462,0.632572770119,0.277619183064,0.632572770119
/home/psawaffle1/.ros/obj_detection_frame0116.jpg,Helmet,0.83,0.266795665026,0.423278689384,0.471854448318,0.423278689384,0.471854448318,0.636808097363,0.266795665026,0.636808097363
/home/psawaffle1/.ros/obj_detection_frame0117.jpg,Helmet,0.85,0.22828169167,0.417631626129,0.449811160564,0.417631626129,0.449811160564,0.646219849586,0.22828169167,0.646219849586
/home/psawaffle1/.ros/obj_detection_frame0118.jpg,Helmet,0.92,0.134588241577,0.407294124365,0.379999995232,0.407294124365,0.379999995232,0.649882376194,0.134588241577,0.649882376194
/home/psawaffle1/.ros/obj_detection_frame0119.jpg,Helmet,0.92,0.129882350564,0.407764703035,0.376235306263,0.407764703035,0.376235306263,0.653176546097,0.129882350564,0.653176546097
/home/psawaffle1/.ros/obj_detection_frame0120.jpg,Helmet,0.9,0.117647051811,0.399294167757,0.373411774635,0.399294167757,0.373411774635,0.656470656395,0.117647051811,0.656470656395,Table,0.55,0.00588235352188,0.159058824182,0.325647056103,0.159058824182,0.325647056103,0.394588202238,0.00588235352188,0.394588202238
/home/psawaffle1/.ros/obj_detection_frame0121.jpg,Helmet,0.91,0.104941174388,0.401176482439,0.361647069454,0.401176482439,0.361647069454,0.664000093937,0.104941174388,0.664000093937
/home/psawaffle1/.ros/obj_detection_frame0122.jpg,Helmet,0.91,0.00588235352188,0.388941198587,0.276705890894,0.388941198587,0.276705890894,0.674353003502,0.00588235352188,0.674353003502
/home/psawaffle1/.ros/obj_detection_frame0123.jpg,Helmet,0.9,0.00258823856711,0.378117650747,0.240000009537,0.378117650747,0.240000009537,0.670588254929,0.00258823856711,0.670588254929
/home/psawaffle1/.ros/obj_detection_frame0124.jpg,Helmet,0.72,0.000589434057474,0.351030886173,0.15871706605,0.351030886173,0.15871706605,0.686145603657,0.000589434057474,0.686145603657,Tire,0.51,0.44500002265,0.625408709049,0.591235280037,0.625408709049,0.591235280037,0.758938074112,0.44500002265,0.758938074112
/home/psawaffle1/.ros/obj_detection_frame0125.jpg
/home/psawaffle1/.ros/obj_detection_frame0126.jpg
/home/psawaffle1/.ros/obj_detection_frame0127.jpg
/home/psawaffle1/.ros/obj_detection_frame0128.jpg
/home/psawaffle1/.ros/obj_detection_frame0129.jpg
/home/psawaffle1/.ros/obj_detection_frame0130.jpg
/home/psawaffle1/.ros/obj_detection_frame0131.jpg,Mirror,0.7,0.350294113159,0.0,1.0,0.0,1.0,0.685000002384,0.350294113159,0.685000002384
/home/psawaffle1/.ros/obj_detection_frame0132.jpg
/home/psawaffle1/.ros/obj_detection_frame0133.jpg
/home/psawaffle1/.ros/obj_detection_frame0134.jpg
/home/psawaffle1/.ros/obj_detection_frame0135.jpg
vision.py /home/psawaffle1/.ros/obj_detection_frame0090.jpg: 1656.47101402 ms
python cloud_vision.py /home/psawaffle1/.ros/obj_detection_frame0091.jpg: 1610.77713966 ms
python cloud_vision.py /home/psawaffle1/.ros/obj_detection_frame0092.jpg: 1643.99385452 ms
python cloud_vision.py /home/psawaffle1/.ros/obj_detection_frame0093.jpg: 1628.80682945 ms
python cloud_vision.py /home/psawaffle1/.ros/obj_detection_frame0094.jpg: 1794.41809654 ms
python cloud_vision.py /home/psawaffle1/.ros/obj_detection_frame0095.jpg: 1668.65682602 ms
python cloud_vision.py /home/psawaffle1/.ros/obj_detection_frame0096.jpg: 1614.15910721 ms
python cloud_vision.py /home/psawaffle1/.ros/obj_detection_frame0097.jpg: 1660.22181511 ms
python cloud_vision.py /home/psawaffle1/.ros/obj_detection_frame0098.jpg: 1667.41800308 ms
python cloud_vision.py /home/psawaffle1/.ros/obj_detection_frame0099.jpg: 1651.44300461 ms
python cloud_vision.py /home/psawaffle1/.ros/obj_detection_frame0100.jpg: 1651.94606781 ms
python cloud_vision.py /home/psawaffle1/.ros/obj_detection_frame0101.jpg: 1621.57988548 ms
python cloud_vision.py /home/psawaffle1/.ros/obj_detection_frame0102.jpg: 1635.19191742 ms
python cloud_vision.py /home/psawaffle1/.ros/obj_detection_frame0103.jpg: 1661.62419319 ms
python cloud_vision.py /home/psawaffle1/.ros/obj_detection_frame0104.jpg: 1694.4000721 ms
python cloud_vision.py /home/psawaffle1/.ros/obj_detection_frame0105.jpg: 1723.52099419 ms
python cloud_vision.py /home/psawaffle1/.ros/obj_detection_frame0106.jpg: 1621.70290947 ms
python cloud_vision.py /home/psawaffle1/.ros/obj_detection_frame0107.jpg: 1612.7550602 ms
python cloud_vision.py /home/psawaffle1/.ros/obj_detection_frame0108.jpg: 1682.51395226 ms
python cloud_vision.py /home/psawaffle1/.ros/obj_detection_frame0109.jpg: 1764.21999931 ms
python cloud_vision.py /home/psawaffle1/.ros/obj_detection_frame0110.jpg: 1692.80385971 ms
python cloud_vision.py /home/psawaffle1/.ros/obj_detection_frame0111.jpg: 1645.58196068 ms
python cloud_vision.py /home/psawaffle1/.ros/obj_detection_frame0112.jpg: 1657.03010559 ms
python cloud_vision.py /home/psawaffle1/.ros/obj_detection_frame0113.jpg: 1664.74199295 ms
python cloud_vision.py /home/psawaffle1/.ros/obj_detection_frame0114.jpg: 1594.45714951 ms
python cloud_vision.py /home/psawaffle1/.ros/obj_detection_frame0115.jpg: 1665.87710381 ms
python cloud_vision.py /home/psawaffle1/.ros/obj_detection_frame0116.jpg: 1672.11699486 ms
python cloud_vision.py /home/psawaffle1/.ros/obj_detection_frame0117.jpg: 1696.39182091 ms
python cloud_vision.py /home/psawaffle1/.ros/obj_detection_frame0118.jpg: 1663.7969017 ms
python cloud_vision.py /home/psawaffle1/.ros/obj_detection_frame0119.jpg: 1640.26594162 ms
python cloud_vision.py /home/psawaffle1/.ros/obj_detection_frame0120.jpg: 1694.25702095 ms
python cloud_vision.py /home/psawaffle1/.ros/obj_detection_frame0121.jpg: 1742.13409424 ms
python cloud_vision.py /home/psawaffle1/.ros/obj_detection_frame0122.jpg: 1596.63319588 ms
python cloud_vision.py /home/psawaffle1/.ros/obj_detection_frame0123.jpg: 1635.81395149 ms
python cloud_vision.py /home/psawaffle1/.ros/obj_detection_frame0124.jpg: 1587.56494522 ms
python cloud_vision.py /home/psawaffle1/.ros/obj_detection_frame0125.jpg: 1698.66299629 ms
python cloud_vision.py /home/psawaffle1/.ros/obj_detection_frame0126.jpg: 1638.25201988 ms
python cloud_vision.py /home/psawaffle1/.ros/obj_detection_frame0127.jpg: 1655.22694588 ms
python cloud_vision.py /home/psawaffle1/.ros/obj_detection_frame0128.jpg: 1683.33792686 ms
python cloud_vision.py /home/psawaffle1/.ros/obj_detection_frame0129.jpg: 1692.25692749 ms
python cloud_vision.py /home/psawaffle1/.ros/obj_detection_frame0130.jpg: 1730.69500923 ms
python cloud_vision.py /home/psawaffle1/.ros/obj_detection_frame0131.jpg: 1563.78817558 ms
python cloud_vision.py /home/psawaffle1/.ros/obj_detection_frame0132.jpg: 1617.99192429 ms
python cloud_vision.py /home/psawaffle1/.ros/obj_detection_frame0133.jpg: 1572.63207436 ms
python cloud_vision.py /home/psawaffle1/.ros/obj_detection_frame0134.jpg: 1584.0010643 ms
python cloud_visio/home/psawaffle1/.ros/obj_detection_frame0136.jpg
/home/psawaffle1/.ros/obj_detection_frame0137.jpg,Mirror,0.63,0.0157359279692,0.00371109321713,0.984264075756,0.00371109321713,0.984264075756,0.438798725605,0.0157359279692,0.438798725605
/home/psawaffle1/.ros/obj_detection_frame0138.jpg
/home/psawaffle1/.ros/obj_detection_frame0139.jpg,Bathroom cabinet,0.57,0.314999997616,0.0,1.0,0.0,1.0,0.613941192627,0.314999997616,0.613941192627
/home/psawaffle1/.ros/obj_detection_frame0140.jpg
/home/psawaffle1/.ros/obj_detection_frame0141.jpg,Mirror,0.69,0.264882355928,0.0150000192225,0.785000026226,0.0150000192225,0.785000026226,0.584999978542,0.264882355928,0.584999978542
/home/psawaffle1/.ros/obj_detection_frame0142.jpg,Mirror,0.76,0.00176472216845,0.00317648425698,0.997294127941,0.00317648425698,0.997294127941,0.889999985695,0.00176472216845,0.889999985695
/home/psawaffle1/.ros/obj_detection_frame0143.jpg,Mirror,0.95,0.314999997616,0.0,1.0,0.0,1.0,0.685000002384,0.314999997616,0.685000002384
/home/psawaffle1/.ros/obj_detection_frame0144.jpg
/home/psawaffle1/.ros/obj_detection_frame0145.jpg
/home/psawaffle1/.ros/obj_detection_frame0146.jpg
/home/psawaffle1/.ros/obj_detection_frame0147.jpg
/home/psawaffle1/.ros/obj_detection_frame0148.jpg
/home/psawaffle1/.ros/obj_detection_frame0149.jpg
/home/psawaffle1/.ros/obj_detection_frame0150.jpg
/home/psawaffle1/.ros/obj_detection_frame0151.jpg,Kitchenware,0.67,0.903934121132,0.139515027404,0.996065974236,0.139515027404,0.996065974236,0.556249678135,0.903934121132,0.556249678135
/home/psawaffle1/.ros/obj_detection_frame0152.jpg
/home/psawaffle1/.ros/obj_detection_frame0153.jpg
/home/psawaffle1/.ros/obj_detection_frame0154.jpg
/home/psawaffle1/.ros/obj_detection_frame0155.jpg
/home/psawaffle1/.ros/obj_detection_frame0156.jpg
/home/psawaffle1/.ros/obj_detection_frame0157.jpg,Mirror,0.71,0.0157359279692,0.00371109321713,0.984264075756,0.00371109321713,0.984264075756,0.438798725605,0.0157359279692,0.438798725605
/home/psawaffle1/.ros/obj_detection_frame0158.jpg
/home/psawaffle1/.ros/obj_detection_frame0159.jpg
/home/psawaffle1/.ros/obj_detection_frame0160.jpg,Computer keyboard,0.58,0.504882395267,0.41500005126,0.914411842823,0.41500005126,0.914411842823,0.865000069141,0.504882395267,0.865000069141
/home/psawaffle1/.ros/obj_detection_frame0161.jpg
/home/psawaffle1/.ros/obj_detection_frame0162.jpg,Scissors,0.88,0.43022531271,0.00312056858093,0.613774716854,0.00312056858093,0.613774716854,0.535467684269,0.43022531271,0.535467684269
/home/psawaffle1/.ros/obj_detection_frame0163.jpg,Scissors,0.84,0.436813533306,0.000297039747238,0.613774716854,0.000297039747238,0.613774716854,0.538761734962,0.436813533306,0.538761734962
/home/psawaffle1/.ros/obj_detection_frame0164.jpg,Scissors,0.86,0.442931234837,0.0,0.602010011673,0.0,0.602010011673,0.544408798218,0.442931234837,0.544408798218
/home/psawaffle1/.ros/obj_detection_frame0165.jpg,Scissors,0.84,0.453284174204,0.0497087985277,0.590715885162,0.0497087985277,0.590715885162,0.53687942028,0.453284174204,0.53687942028
/home/psawaffle1/.ros/obj_detection_frame0166.jpg
/home/psawaffle1/.ros/obj_detection_frame0167.jpg
/home/psawaffle1/.ros/obj_detection_frame0168.jpg
/home/psawaffle1/.ros/obj_detection_frame0169.jpg,Person,0.93,0.197767794132,0.00230030482635,0.384944289923,0.00230030482635,0.384944289923,0.179123833776,0.197767794132,0.179123833776,Furniture,0.53,0.502192378044,0.0956327617168,0.989337086678,0.0956327617168,0.989337086678,0.257543712854,0.502192378044,0.257543712854
/home/psawaffle1/.ros/obj_detection_frame0170.jpg,Person,0.96,0.68698143959,0.0,0.87556964159,0.0,0.87556964159,0.189476788044,0.68698143959,0.189476788044,Person,0.9,0.116975225508,0.0582260116935,0.257092893124,0.0582260116935,0.257092893124,0.229873076081,0.116975225508,0.229873076081,Person,0.66,0.263105213642,0.16631269455,0.393811136484,0.16631269455,0.393811136484,0.275371521711,0.263105213642,0.275371521711
/home/psawaffle1/.ros/obj_detection_frame0171.jpg,Person,0.95,0.685569703579,0.000888537848368,0.876510798931,0.000888537848368,0.876510798931,0.189947366714,0.685569703579,0.189947366714,Person,0.9,0.119798757136,0.0586965940893,0.256622284651,0.0586965940893,0.256622284651,0.229873076081,0.119798757136,0.229873076081,Candle,0.65,0.303934007883,0.436220943928,0.438889563084,0.436220943928,0.438889563084,0.817190885544,0.303934007883,0.817190885544,Person,0.63,0.270634651184,0.167724460363,0.393811136484,0.167724460363,0.393811136484,0.276783287525,0.270634651184,0.276783287525
/home/psawaffle1/.ros/obj_detection_frame0172.jpg,Person,0.91,0.684628486633,0.000417951960117,0.874628424644,0.000417951960117,0.874628424644,0.186182662845,0.684628486633,0.186182662845,Person,0.9,0.105210520327,0.057284835726,0.250504642725,0.057284835726,0.250504642725,0.230814248323,0.105210520327,0.230814248323
/home/psawaffle1/.ros/obj_detection_frame0173.jpg,Person,0.66,0.0103003066033,0.0,0.183359131217,0.0,0.183359131217,0.15041795373,0.0103003066033,0.15041795373,Furniture,0.62,0.302192389965,0.0673974603415,0.805807709694,0.0673974603415,0.805807709694,0.270720183849,0.302192389965,0.270720183849
/home/psawaffle1/.ros/obj_detection_frame0174.jpg,Furniture,0.73,0.0148982703686,0.0462209843099,0.532160520554,0.0462209843099,0.532160520554,0.267896652222,0.0148982703686,0.267896652222
/home/psawaffle1/.ros/obj_detection_frame0175.jpg,Furniture,0.62,0.0,0.0366398654878,0.384955585003,0.0366398654878,0.384955585003,0.268536627293,0.0,0.268536627293
/home/psawaffle1/.ros/obj_detection_frame0176.jpg
/home/psawaffle1/.ros/obj_detection_frame0177.jpg
/home/psawaffle1/.ros/obj_detection_frame0178.jpg
/home/psawaffle1/.ros/obj_detection_frame0179.jpg
/home/psawaffle1/.ros/obj_detection_frame0180.jpg
n.py /home/psawaffle1/.ros/obj_detection_frame0135.jpg: 1565.94705582 ms
python cloud_vision.py /home/psawaffle1/.ros/obj_detection_frame0136.jpg: 1551.43594742 ms
python cloud_vision.py /home/psawaffle1/.ros/obj_detection_frame0137.jpg: 1650.61593056 ms
python cloud_vision.py /home/psawaffle1/.ros/obj_detection_frame0138.jpg: 1623.64912033 ms
python cloud_vision.py /home/psawaffle1/.ros/obj_detection_frame0139.jpg: 1666.83101654 ms
python cloud_vision.py /home/psawaffle1/.ros/obj_detection_frame0140.jpg: 1625.67591667 ms
python cloud_vision.py /home/psawaffle1/.ros/obj_detection_frame0141.jpg: 1655.05099297 ms
python cloud_vision.py /home/psawaffle1/.ros/obj_detection_frame0142.jpg: 2117.89011955 ms
python cloud_vision.py /home/psawaffle1/.ros/obj_detection_frame0143.jpg: 2208.81700516 ms
python cloud_vision.py /home/psawaffle1/.ros/obj_detection_frame0144.jpg: 1655.65514565 ms
python cloud_vision.py /home/psawaffle1/.ros/obj_detection_frame0145.jpg: 1684.26394463 ms
python cloud_vision.py /home/psawaffle1/.ros/obj_detection_frame0146.jpg: 1672.91307449 ms
python cloud_vision.py /home/psawaffle1/.ros/obj_detection_frame0147.jpg: 1631.19006157 ms
python cloud_vision.py /home/psawaffle1/.ros/obj_detection_frame0148.jpg: 1829.96416092 ms
python cloud_vision.py /home/psawaffle1/.ros/obj_detection_frame0149.jpg: 1780.35092354 ms
python cloud_vision.py /home/psawaffle1/.ros/obj_detection_frame0150.jpg: 1704.71286774 ms
python cloud_vision.py /home/psawaffle1/.ros/obj_detection_frame0151.jpg: 1701.06697083 ms
python cloud_vision.py /home/psawaffle1/.ros/obj_detection_frame0152.jpg: 1733.13713074 ms
python cloud_vision.py /home/psawaffle1/.ros/obj_detection_frame0153.jpg: 1728.53302956 ms
python cloud_vision.py /home/psawaffle1/.ros/obj_detection_frame0154.jpg: 1793.11704636 ms
python cloud_vision.py /home/psawaffle1/.ros/obj_detection_frame0155.jpg: 1686.35988235 ms
python cloud_vision.py /home/psawaffle1/.ros/obj_detection_frame0156.jpg: 1756.59203529 ms
python cloud_vision.py /home/psawaffle1/.ros/obj_detection_frame0157.jpg: 1713.64998817 ms
python cloud_vision.py /home/psawaffle1/.ros/obj_detection_frame0158.jpg: 1645.5848217 ms
python cloud_vision.py /home/psawaffle1/.ros/obj_detection_frame0159.jpg: 1732.0420742 ms
python cloud_vision.py /home/psawaffle1/.ros/obj_detection_frame0160.jpg: 1690.77301025 ms
python cloud_vision.py /home/psawaffle1/.ros/obj_detection_frame0161.jpg: 1679.04901505 ms
python cloud_vision.py /home/psawaffle1/.ros/obj_detection_frame0162.jpg: 1700.64401627 ms
python cloud_vision.py /home/psawaffle1/.ros/obj_detection_frame0163.jpg: 1721.89497948 ms
python cloud_vision.py /home/psawaffle1/.ros/obj_detection_frame0164.jpg: 1611.76896095 ms
python cloud_vision.py /home/psawaffle1/.ros/obj_detection_frame0165.jpg: 1682.32607841 ms
python cloud_vision.py /home/psawaffle1/.ros/obj_detection_frame0166.jpg: 1744.7578907 ms
python cloud_vision.py /home/psawaffle1/.ros/obj_detection_frame0167.jpg: 1614.05897141 ms
python cloud_vision.py /home/psawaffle1/.ros/obj_detection_frame0168.jpg: 1653.81288528 ms
python cloud_vision.py /home/psawaffle1/.ros/obj_detection_frame0169.jpg: 1711.85898781 ms
python cloud_vision.py /home/psawaffle1/.ros/obj_detection_frame0170.jpg: 1659.70611572 ms
python cloud_vision.py /home/psawaffle1/.ros/obj_detection_frame0171.jpg: 1745.48888206 ms
python cloud_vision.py /home/psawaffle1/.ros/obj_detection_frame0172.jpg: 1723.74796867 ms
python cloud_vision.py /home/psawaffle1/.ros/obj_detection_frame0173.jpg: 1728.46794128 ms
python cloud_vision.py /home/psawaffle1/.ros/obj_detection_frame0174.jpg: 1705.95288277 ms
python cloud_vision.py /home/psawaffle1/.ros/obj_detection_frame0175.jpg: 1631.3560009 ms
python cloud_vision.py /home/psawaffle1/.ros/obj_detection_frame0176.jpg: 1658.14590454 ms
python cloud_vision.py /home/psawaffle1/.ros/obj_detection_frame0177.jpg: 1767.79603958 ms
python cloud_vision.py /home/psawaffle1/.ros/obj_detection_frame0178.jpg: 1677.60705948 ms
python cloud_vision.py /home/psawaffle1/.ros/obj_detection_frame0179.jpg: 1720.66092491 ms
python cloud_vision.py /home/psawaffle1/.ros/obj_detection_frame0181.jpg
/home/psawaffle1/.ros/obj_detection_frame0182.jpg
/home/psawaffle1/.ros/obj_detection_frame0183.jpg,Door,0.5,0.0809009969234,0.0,0.471098989248,0.0,0.471098989248,0.634903907776,0.0809009969234,0.634903907776
/home/psawaffle1/.ros/obj_detection_frame0184.jpg
/home/psawaffle1/.ros/obj_detection_frame0185.jpg
/home/psawaffle1/.ros/obj_detection_frame0186.jpg,Person,0.61,0.00135912839323,0.00277089048177,0.126417964697,0.00277089048177,0.126417964697,0.159829720855,0.00135912839323,0.159829720855,Furniture,0.6,0.00835295394063,0.0191764831543,0.991647064686,0.0191764831543,0.991647064686,0.889999985695,0.00835295394063,0.889999985695
/home/psawaffle1/.ros/obj_detection_frame0187.jpg,Person,0.61,0.00653560087085,0.0,0.188535600901,0.0,0.188535600901,0.170653253794,0.00653560087085,0.170653253794,Man,0.6,0.00653560087085,0.0,0.188535600901,0.0,0.188535600901,0.170653253794,0.00653560087085,0.170653253794
/home/psawaffle1/.ros/obj_detection_frame0188.jpg,Person,0.93,0.252281695604,0.000888537848368,0.422987610102,0.000888537848368,0.422987610102,0.185241490602,0.252281695604,0.185241490602,Table,0.55,0.00411766022444,0.110000014305,0.994000077248,0.110000014305,0.994000077248,0.889999985695,0.00411766022444,0.889999985695
/home/psawaffle1/.ros/obj_detection_frame0189.jpg,Person,0.73,0.27722287178,0.000417951960117,0.446987569332,0.000417951960117,0.446987569332,0.183829724789,0.27722287178,0.183829724789,Desk,0.61,0.00411766022444,0.110000014305,0.994470596313,0.110000014305,0.994470596313,0.924823522568,0.00411766022444,0.924823522568,Table,0.57,0.00411766022444,0.110000014305,0.994470596313,0.110000014305,0.994470596313,0.924823522568,0.00411766022444,0.924823522568
/home/psawaffle1/.ros/obj_detection_frame0190.jpg,Person,0.78,0.75749540329,0.184665635228,0.880201220512,0.184665635228,0.880201220512,0.291371524334,0.75749540329,0.291371524334,Man,0.52,0.75749540329,0.184665635228,0.880201220512,0.184665635228,0.880201220512,0.291371524334,0.75749540329,0.291371524334
/home/psawaffle1/.ros/obj_detection_frame0191.jpg,Lighting,0.58,0.923091053963,0.377780139446,0.998395144939,0.377780139446,0.998395144939,0.714777231216,0.923091053963,0.714777231216
/home/psawaffle1/.ros/obj_detection_frame0192.jpg
/home/psawaffle1/.ros/obj_detection_frame0193.jpg,Table,0.55,0.464690446854,0.440764725208,0.6443374753,0.440764725208,0.6443374753,0.594999969006,0.464690446854,0.594999969006,Chair,0.54,0.746671915054,0.416294127703,0.852907180786,0.416294127703,0.852907180786,0.564411759377,0.746671915054,0.564411759377
/home/psawaffle1/.ros/obj_detection_frame0194.jpg,Furniture,0.54,0.473161041737,0.453396320343,0.654219865799,0.453396320343,0.654219865799,0.608102202415,0.473161041737,0.608102202415
/home/psawaffle1/.ros/obj_detection_frame0195.jpg,Sculpture,0.6,0.526979625225,0.131092786789,0.611695408821,0.131092786789,0.611695408821,0.453972250223,0.526979625225,0.453972250223,Table,0.54,0.475043386221,0.435117661953,0.663631618023,0.435117661953,0.663631618023,0.597823500633,0.475043386221,0.597823500633,Furniture,0.52,0.475043386221,0.435117661953,0.663631618023,0.435117661953,0.663631618023,0.597823500633,0.475043386221,0.597823500633
/home/psawaffle1/.ros/obj_detection_frame0196.jpg
/home/psawaffle1/.ros/obj_detection_frame0197.jpg,Furniture,0.52,0.48626318574,0.430411785841,0.688969016075,0.430411785841,0.688969016075,0.605823516846,0.48626318574,0.605823516846
/home/psawaffle1/.ros/obj_detection_frame0198.jpg
/home/psawaffle1/.ros/obj_detection_frame0199.jpg,Sculpture,0.73,0.558434605598,0.100975140929,0.646444678307,0.100975140929,0.646444678307,0.459148705006,0.558434605598,0.459148705006,Furniture,0.61,0.498498499393,0.437866896391,0.719557285309,0.437866896391,0.719557285309,0.63963162899,0.498498499393,0.63963162899,Table,0.6,0.498498499393,0.437866896391,0.719557285309,0.437866896391,0.719557285309,0.63963162899,0.498498499393,0.63963162899
/home/psawaffle1/.ros/obj_detection_frame0200.jpg,Furniture,0.57,0.476235300303,0.419529408216,0.746117711067,0.419529408216,0.746117711067,0.6400000453,0.476235300303,0.6400000453,Sculpture,0.5,0.556552290916,0.0615200437605,0.646444678307,0.0615200437605,0.646444678307,0.42675241828,0.556552290916,0.42675241828
/home/psawaffle1/.ros/obj_detection_frame0201.jpg,Furniture,0.73,0.477647066116,0.413411766291,0.76494127512,0.413411766291,0.76494127512,0.6400000453,0.477647066116,0.6400000453
/home/psawaffle1/.ros/obj_detection_frame0202.jpg,Furniture,0.73,0.483764708042,0.405411779881,0.792235374451,0.405411779881,0.792235374451,0.6400000453,0.483764708042,0.6400000453
/home/psawaffle1/.ros/obj_detection_frame0203.jpg
/home/psawaffle1/.ros/obj_detection_frame0204.jpg
/home/psawaffle1/.ros/obj_detection_frame0205.jpg,Tableware,0.51,0.628777086735,0.53143966198,0.734071195126,0.53143966198,0.734071195126,0.647557258606,0.628777086735,0.647557258606
/home/psawaffle1/.ros/obj_detection_frame0206.jpg
/home/psawaffle1/.ros/obj_detection_frame0207.jpg,Tableware,0.54,0.664938092232,0.537086725235,0.793761610985,0.537086725235,0.793761610985,0.680498480797,0.664938092232,0.680498480797,Bathroom cabinet,0.5,0.000900987535715,0.00556666217744,0.319099009037,0.00556666217744,0.319099009037,0.621256887913,0.000900987535715,0.621256887913
/home/psawaffle1/.ros/obj_detection_frame0208.jpg,Tableware,0.54,0.234944269061,0.545557320118,0.372709006071,0.545557320118,0.372709006071,0.680498480797,0.234944269061,0.680498480797,Window,0.5,0.219586342573,0.00512374937534,0.346184551716,0.00512374937534,0.346184551716,0.348709076643,0.219586342573,0.348709076643
/home/psawaffle1/.ros/obj_detection_frame0209.jpg,Person,0.89,0.808093905449,0.0351599864662,0.932983517647,0.0351599864662,0.932983517647,0.24070379138,0.808093905449,0.24070379138,Person,0.71,0.542905211449,0.417309552431,0.667150557041,0.417309552431,0.667150557041,0.678541898727,0.542905211449,0.678541898727,Man,0.56,0.808093905449,0.0351599864662,0.932983517647,0.0351599864662,0.932983517647,0.24070379138,0.808093905449,0.24070379138
/home/psawaffle1/.ros/obj_detection_frame0210.jpg,Person,0.93,0.373864799738,0.0417482182384,0.496872037649,0.0417482182384,0.496872037649,0.241174384952,0.373864799738,0.241174384952,Person,0.8,0.499514013529,0.125445812941,0.62880808115,0.125445812941,0.62880808115,0.237798765302,0.499514013529,0.237798765302,Luggage & bags,0.78,0.603365302086,0.416294127703,0.738306462765,0.416294127703,0.738306462765,0.583235323429,0.603365302086,0.583235323429,Toy,0.58,0.083338662982,0.409309566021,0.214642763138,0.409309566021,0.214642763138,0.674306631088,0.083338662982,0.674306631088
/home/psawaffle1/.ros/obj_detection_frame0211.jpg,Person,0.81,0.862758517265,0.0032414814923,0.998640835285,0.0032414814923,0.998640835285,0.177712067962,0.862758517265,0.177712067962,Person,0.78,0.240911275148,0.0379835143685,0.370036125183,0.0379835143685,0.370036125183,0.240233212709,0.240911275148,0.240233212709,Luggage & bags,0.62,0.48210221529,0.420058846474,0.608572781086,0.420058846474,0.608572781086,0.578058838844,0.48210221529,0.578058838844,Person,0.61,0.374486029148,0.13250464201,0.515544891357,0.13250464201,0.515544891357,0.232151702046,0.374486029148,0.232151702046
/home/psawaffle1/.ros/obj_detection_frame0212.jpg,Person,0.93,0.225852444768,0.0281011648476,0.365800827742,0.0281011648476,0.365800827742,0.242586150765,0.225852444768,0.242586150765,Person,0.83,0.854758441448,0.0032414814923,0.996758580208,0.0032414814923,0.996758580208,0.17677089572,0.854758441448,0.17677089572,Person,0.81,0.369309574366,0.127328172326,0.516486048698,0.127328172326,0.516486048698,0.238739937544,0.369309574366,0.238739937544,Luggage & bags,0.7,0.474422156811,0.402639865875,0.598370492458,0.402639865875,0.598370492458,0.590771913528,0.474422156811,0.590771913528,Man,0.55,0.854758441448,0.0032414814923,0.996758580208,0.0032414814923,0.996758580208,0.17677089572,0.854758441448,0.17677089572
/home/psawaffle1/.ros/obj_detection_frame0213.jpg,Person,0.95,0.223499506712,0.0191599894315,0.362977296114,0.0191599894315,0.362977296114,0.234586149454,0.223499506712,0.234586149454,Person,0.75,0.364133089781,0.115092873573,0.508486092091,0.115092873573,0.508486092091,0.231210529804,0.364133089781,0.231210529804,Person,0.72,0.866993784904,0.00277089048177,0.995817303658,0.00277089048177,0.995817303658,0.172065019608,0.866993784904,0.172065019608,Luggage & bags,0.67,0.474422156811,0.403581053019,0.596488118172,0.403581053019,0.596488118172,0.592183709145,0.474422156811,0.592183709145
/home/psawaffle1/.ros/obj_detection_frame0214.jpg,Person,0.68,0.0975304543972,0.0022188089788,0.252067059278,0.0022188089788,0.252067059278,0.220468506217,0.0975304543972,0.220468506217,Luggage & bags,0.66,0.366805970669,0.394639879465,0.494989693165,0.394639879465,0.494989693165,0.588889539242,0.366805970669,0.588889539242,Man,0.64,0.768715202808,0.00418265769258,0.938950419426,0.00418265769258,0.938950419426,0.165006190538,0.768715202808,0.165006190538,Man,0.55,0.262634634972,0.092108361423,0.409811109304,0.092108361423,0.409811109304,0.202578961849,0.262634634972,0.202578961849,Man,0.54,0.0975304543972,0.0022188089788,0.252067059278,0.0022188089788,0.252067059278,0.220468506217,0.0975304543972,0.220468506217,Person,0.52,0.262634634972,0.092108361423,0.409811109304,0.092108361423,0.409811109304,0.202578961849,0.262634634972,0.202578961849
/home/psawaffle1/.ros/obj_detection_frame0215.jpg,Man,0.77,0.00606501009315,0.00277089048177,0.163594424725,0.00277089048177,0.163594424725,0.180065020919,0.00606501009315,0.180065020919,Luggage & bags,0.73,0.279425144196,0.38899281621,0.417961776257,0.38899281621,0.417961776257,0.59312492609,0.279425144196,0.59312492609,Man,0.73,0.697804987431,0.00230030482635,0.860510826111,0.00230030482635,0.860510826111,0.163123846054,0.697804987431,0.163123846054,Person,0.73,0.00606501009315,0.00277089048177,0.163594424725,0.00277089048177,0.163594424725,0.180065020919,0.00606501009315,0.180065020919,Person,0.72,0.154070213437,0.0820753574371,0.32714343071,0.0820753574371,0.32714343071,0.178729608655,0.154070213437,0.178729608655,Man,0.55,0.154070213437,0.0820753574371,0.32714343071,0.0820753574371,0.32714343071,0.178729608655,0.154070213437,0.178729608655
/home/psawaffle1/.ros/obj_detection_frame0216.jpg,Person,0.82,0.00371206691489,0.00418265769258,0.154182657599,0.00418265769258,0.154182657599,0.17677089572,0.00371206691489,0.17677089572,Luggage & bags,0.77,0.269542813301,0.387110441923,0.412785351276,0.387110441923,0.412785351276,0.595007240772,0.269542813301,0.595007240772,Man,0.72,0.00371206691489,0.00418265769258,0.154182657599,0.00418265769258,0.154182657599,0.17677089572,0.00371206691489,0.17677089572,Person,0.69,0.15125387907,0.053990714252,0.319606810808,0.053990714252,0.319606810808,0.186578959227,0.15125387907,0.186578959227,Person,0.59,0.722671866417,0.00182971428148,0.880671858788,0.00182971428148,0.880671858788,0.149947375059,0.722671866417,0.149947375059
/home/psawaffle1/.ros/obj_detection_frame0217.jpg,Luggage & bags,0.8,0.24318985641,0.377698689699,0.407138258219,0.377698689699,0.407138258219,0.604889571667,0.24318985641,0.604889571667,Man,0.76,0.000417951960117,0.0032414814923,0.135829716921,0.0032414814923,0.135829716921,0.157476767898,0.000417951960117,0.157476767898,Person,0.63,0.000417951960117,0.0032414814923,0.135829716921,0.0032414814923,0.135829716921,0.157476767898,0.000417951960117,0.157476767898,Person,0.58,0.732083678246,0.0,0.880671858788,0.0,0.880671858788,0.131123840809,0.732083678246,0.131123840809,Backpack,0.52,0.24318985641,0.377698689699,0.407138258219,0.377698689699,0.407138258219,0.604889571667,0.24318985641,0.604889571667,Box,0.52,0.451764672995,0.385647088289,0.771529495716,0.385647088289,0.771529495716,0.644235372543,0.451764672995,0.644235372543
/home/psawaffle1/.ros/obj_detection_frame0218.jpg,Luggage & bags,0.82,0.223028928041,0.364992797375,0.39544788003,0.364992797375,0.39544788003,0.60253661871,0.223028928041,0.60253661871,Person,0.7,0.0779092088342,0.00920847244561,0.291453003883,0.00920847244561,0.291453003883,0.140686258674,0.0779092088342,0.140686258674,Backpack,0.54,0.223028928041,0.364992797375,0.39544788003,0.364992797375,0.39544788003,0.60253661871,0.223028928041,0.60253661871
/home/psawaffle1/.ros/obj_detection_frame0219.jpg,Luggage & bags,0.67,0.215970084071,0.361698687077,0.401094973087,0.361698687077,0.401094973087,0.606772005558,0.215970084071,0.606772005558,Person,0.65,0.0774386227131,0.00356141105294,0.292864769697,0.00356141105294,0.292864769697,0.119509786367,0.0774386227131,0.119509786367
/home/psawaffle1/.ros/obj_detection_frame0220.jpg,Luggage & bags,0.72,0.202117651701,0.345882356167,0.439999997616,0.345882356167,0.439999997616,0.621882379055,0.202117651701,0.621882379055
/home/psawaffle1/.ros/obj_detection_frame0221.jpg,Luggage & bags,0.7,0.189882367849,0.330352962017,0.439999997616,0.330352962017,0.439999997616,0.618117690086,0.189882367849,0.618117690086,Bag,0.62,0.451698690653,0.25316208601,0.691124856472,0.25316208601,0.691124856472,0.699073255062,0.451698690653,0.699073255062
/home/psawaffle1/.ros/obj_detection_frame0222.jpg,Luggage & bags,0.76,0.0964705869555,0.320941179991,0.340000003576,0.320941179991,0.340000003576,0.620000004768,0.0964705869555,0.620000004768,Backpack,0.64,0.0964705869555,0.320941179991,0.340000003576,0.320941179991,0.340000003576,0.620000004768,0.0964705869555,0.620000004768,Bag,0.62,0.0964705869555,0.320941179991,0.340000003576,0.320941179991,0.340000003576,0.620000004768,0.0964705869555,0.620000004768,Bag,0.53,0.560316979885,0.385780155659,0.647856414318,0.385780155659,0.647856414318,0.742541909218,0.560316979885,0.742541909218
/home/psawaffle1/.ros/obj_detection_frame0223.jpg,Luggage & bags,0.78,0.015294117853,0.302588254213,0.262588262558,0.302588254213,0.262588262558,0.629882395267,0.015294117853,0.629882395267,Backpack,0.65,0.015294117853,0.302588254213,0.262588262558,0.302588254213,0.262588262558,0.629882395267,0.015294117853,0.629882395267
/home/psawaffle1/.ros/obj_detection_frame0224.jpg,Luggage & bags,0.86,0.00588235352188,0.300235301256,0.240000009537,0.300235301256,0.240000009537,0.625176489353,0.00588235352188,0.625176489353,Backpack,0.7,0.00588235352188,0.300235301256,0.240000009537,0.300235301256,0.240000009537,0.625176489353,0.00588235352188,0.625176489353,Luggage & bags,0.51,0.30340179801,0.187591180205,0.559892296791,0.187591180205,0.559892296791,0.749585330486,0.30340179801,0.749585330486
/home/psawaffle1/.ros/obj_detection_frame0225.jpg,Luggage & bags,0.75,0.00393398106098,0.279044449329,0.163830727339,0.279044449329,0.163830727339,0.64966148138,0.00393398106098,0.64966148138,Backpack,0.66,0.00393398106098,0.279044449329,0.163830727339,0.279044449329,0.163830727339,0.64966148138,0.00393398106098,0.64966148138
/home/psawaffle1/.ros/obj_detection_frame0180.jpg: 1651.01504326 ms
python cloud_vision.py /home/psawaffle1/.ros/obj_detection_frame0181.jpg: 1719.49887276 ms
python cloud_vision.py /home/psawaffle1/.ros/obj_detection_frame0182.jpg: 1687.36791611 ms
python cloud_vision.py /home/psawaffle1/.ros/obj_detection_frame0183.jpg: 1649.20282364 ms
python cloud_vision.py /home/psawaffle1/.ros/obj_detection_frame0184.jpg: 1626.08003616 ms
python cloud_vision.py /home/psawaffle1/.ros/obj_detection_frame0185.jpg: 1651.07393265 ms
python cloud_vision.py /home/psawaffle1/.ros/obj_detection_frame0186.jpg: 1632.84993172 ms
python cloud_vision.py /home/psawaffle1/.ros/obj_detection_frame0187.jpg: 1769.00982857 ms
python cloud_vision.py /home/psawaffle1/.ros/obj_detection_frame0188.jpg: 1718.79386902 ms
python cloud_vision.py /home/psawaffle1/.ros/obj_detection_frame0189.jpg: 1696.46906853 ms
python cloud_vision.py /home/psawaffle1/.ros/obj_detection_frame0190.jpg: 1734.60006714 ms
python cloud_vision.py /home/psawaffle1/.ros/obj_detection_frame0191.jpg: 1618.1910038 ms
python cloud_vision.py /home/psawaffle1/.ros/obj_detection_frame0192.jpg: 1722.05901146 ms
python cloud_vision.py /home/psawaffle1/.ros/obj_detection_frame0193.jpg: 1643.60284805 ms
python cloud_vision.py /home/psawaffle1/.ros/obj_detection_frame0194.jpg: 1702.90589333 ms
python cloud_vision.py /home/psawaffle1/.ros/obj_detection_frame0195.jpg: 1648.23293686 ms
python cloud_vision.py /home/psawaffle1/.ros/obj_detection_frame0196.jpg: 1678.01213264 ms
python cloud_vision.py /home/psawaffle1/.ros/obj_detection_frame0197.jpg: 1675.70400238 ms
python cloud_vision.py /home/psawaffle1/.ros/obj_detection_frame0198.jpg: 1662.69803047 ms
python cloud_vision.py /home/psawaffle1/.ros/obj_detection_frame0199.jpg: 1759.69696045 ms
python cloud_vision.py /home/psawaffle1/.ros/obj_detection_frame0200.jpg: 1674.08180237 ms
python cloud_vision.py /home/psawaffle1/.ros/obj_detection_frame0201.jpg: 1686.31720543 ms
python cloud_vision.py /home/psawaffle1/.ros/obj_detection_frame0202.jpg: 1708.6160183 ms
python cloud_vision.py /home/psawaffle1/.ros/obj_detection_frame0203.jpg: 1662.92381287 ms
python cloud_vision.py /home/psawaffle1/.ros/obj_detection_frame0204.jpg: 1619.69804764 ms
python cloud_vision.py /home/psawaffle1/.ros/obj_detection_frame0205.jpg: 1696.57802582 ms
python cloud_vision.py /home/psawaffle1/.ros/obj_detection_frame0206.jpg: 1759.54890251 ms
python cloud_vision.py /home/psawaffle1/.ros/obj_detection_frame0207.jpg: 1696.10786438 ms
python cloud_vision.py /home/psawaffle1/.ros/obj_detection_frame0208.jpg: 1726.29213333 ms
python cloud_vision.py /home/psawaffle1/.ros/obj_detection_frame0209.jpg: 1760.15996933 ms
python cloud_vision.py /home/psawaffle1/.ros/obj_detection_frame0210.jpg: 1646.24786377 ms
python cloud_vision.py /home/psawaffle1/.ros/obj_detection_frame0211.jpg: 1668.0700779 ms
python cloud_vision.py /home/psawaffle1/.ros/obj_detection_frame0212.jpg: 1968.60289574 ms
python cloud_vision.py /home/psawaffle1/.ros/obj_detection_frame0213.jpg: 2245.99194527 ms
python cloud_vision.py /home/psawaffle1/.ros/obj_detection_frame0214.jpg: 1855.32402992 ms
python cloud_vision.py /home/psawaffle1/.ros/obj_detection_frame0215.jpg: 1689.00918961 ms
python cloud_vision.py /home/psawaffle1/.ros/obj_detection_frame0216.jpg: 1652.15802193 ms
python cloud_vision.py /home/psawaffle1/.ros/obj_detection_frame0217.jpg: 1670.59898376 ms
python cloud_vision.py /home/psawaffle1/.ros/obj_detection_frame0218.jpg: 1721.14086151 ms
python cloud_vision.py /home/psawaffle1/.ros/obj_detection_frame0219.jpg: 1713.61398697 ms
python cloud_vision.py /home/psawaffle1/.ros/obj_detection_frame0220.jpg: 1658.01692009 ms
python cloud_vision.py /home/psawaffle1/.ros/obj_detection_frame0221.jpg: 1583.1079483 ms
python cloud_vision.py /home/psawaffle1/.ros/obj_detection_frame0222.jpg: 1570.61696053 ms
python cloud_vision.py /home/psawaffle1/.ros/obj_detection_frame0223.jpg: 1554.75592613 ms
python cloud_vision.py /home/psawaffle1/.ros/obj_detection_frame0224.jpg: 1659.89899635 ms
python cloud_vision.py /home/home/psawaffle1/.ros/obj_detection_frame0226.jpg
/home/psawaffle1/.ros/obj_detection_frame0227.jpg,Chair,0.76,0.395999997854,0.361647069454,0.673411786556,0.361647069454,0.673411786556,0.708235323429,0.395999997854,0.708235323429
/home/psawaffle1/.ros/obj_detection_frame0228.jpg,Chair,0.56,0.389882355928,0.358352959156,0.669647097588,0.358352959156,0.669647097588,0.711058855057,0.389882355928,0.711058855057
/home/psawaffle1/.ros/obj_detection_frame0229.jpg,Chair,0.57,0.0120000028983,0.0138823557645,0.296470612288,0.0138823557645,0.296470612288,0.329882353544,0.0120000028983,0.329882353544
/home/psawaffle1/.ros/obj_detection_frame0230.jpg,Helmet,0.91,0.445588290691,0.305352956057,0.865000069141,0.305352956057,0.865000069141,0.769000053406,0.445588290691,0.769000053406
/home/psawaffle1/.ros/obj_detection_frame0231.jpg,Helmet,0.92,0.448411852121,0.304882347584,0.865000069141,0.304882347584,0.865000069141,0.76805883646,0.448411852121,0.76805883646
/home/psawaffle1/.ros/obj_detection_frame0232.jpg,Car,0.63,0.835872471333,0.30453234911,0.997774720192,0.30453234911,0.997774720192,0.815232396126,0.835872471333,0.815232396126,Furniture,0.55,0.00556669197977,0.000900972634554,0.616080403328,0.000900972634554,0.616080403328,0.319099038839,0.00556669197977,0.319099038839
/home/psawaffle1/.ros/obj_detection_frame0233.jpg,Chair,0.7,0.785110533237,0.332926809788,0.997242569923,0.332926809788,0.997242569923,0.733661472797,0.785110533237,0.733661472797
/home/psawaffle1/.ros/obj_detection_frame0234.jpg,Backpack,0.73,0.660000026226,0.317176491022,0.916235268116,0.317176491022,0.916235268116,0.628000020981,0.660000026226,0.628000020981,Luggage & bags,0.72,0.660000026226,0.317176491022,0.916235268116,0.317176491022,0.916235268116,0.628000020981,0.660000026226,0.628000020981
/home/psawaffle1/.ros/obj_detection_frame0235.jpg,Luggage & bags,0.58,0.855400562286,0.304516911507,1.0,0.304516911507,1.0,0.621278762817,0.855400562286,0.621278762817
/home/psawaffle1/.ros/obj_detection_frame0236.jpg,Luggage & bags,0.66,0.852169334888,0.286573857069,0.999830722809,0.286573857069,0.999830722809,0.650602698326,0.852169334888,0.650602698326,Backpack,0.57,0.852169334888,0.286573857069,0.999830722809,0.286573857069,0.999830722809,0.650602698326,0.852169334888,0.650602698326
/home/psawaffle1/.ros/obj_detection_frame0237.jpg
/home/psawaffle1/.ros/obj_detection_frame0238.jpg,Computer monitor,0.55,0.00294237583876,0.348677933216,0.111658237875,0.348677933216,0.111658237875,0.614616155624,0.00294237583876,0.614616155624
/home/psawaffle1/.ros/obj_detection_frame0239.jpg
/home/psawaffle1/.ros/obj_detection_frame0240.jpg,Dog,0.72,0.451117664576,0.544145524502,0.585117638111,0.544145524502,0.585117638111,0.662145495415,0.451117664576,0.662145495415,Animal,0.53,0.451117664576,0.544145524502,0.585117638111,0.544145524502,0.585117638111,0.662145495415,0.451117664576,0.662145495415
/home/psawaffle1/.ros/obj_detection_frame0241.jpg,Dog,0.62,0.457631647587,0.546027898788,0.611866891384,0.546027898788,0.611866891384,0.670616090298,0.457631647587,0.670616090298,Animal,0.54,0.457631647587,0.546027898788,0.611866891384,0.546027898788,0.611866891384,0.670616090298,0.457631647587,0.670616090298
/home/psawaffle1/.ros/obj_detection_frame0242.jpg,Bag,0.86,0.215000003576,0.335000008345,0.725235342979,0.335000008345,0.725235342979,0.701235353947,0.215000003576,0.701235353947
/home/psawaffle1/.ros/obj_detection_frame0243.jpg,Refrigerator,0.57,0.0418019853532,0.328900963068,0.674433350563,0.328900963068,0.674433350563,0.705451965332,0.0418019853532,0.705451965332,Animal,0.51,0.373074293137,0.55779260397,0.524486064911,0.55779260397,0.524486064911,0.695557296276,0.373074293137,0.695557296276
/home/psawaffle1/.ros/obj_detection_frame0244.jpg,Luggage & bags,0.84,0.535000026226,0.215000003576,0.985000014305,0.215000003576,0.985000014305,0.703588247299,0.535000026226,0.703588247299,Backpack,0.77,0.535000026226,0.215000003576,0.985000014305,0.215000003576,0.985000014305,0.703588247299,0.535000026226,0.703588247299
/home/psawaffle1/.ros/obj_detection_frame0245.jpg,Luggage & bags,0.82,0.283235311508,0.215000003576,0.707823574543,0.215000003576,0.707823574543,0.691352963448,0.283235311508,0.691352963448,Backpack,0.66,0.283235311508,0.215000003576,0.707823574543,0.215000003576,0.707823574543,0.691352963448,0.283235311508,0.691352963448
/home/psawaffle1/.ros/obj_detection_frame0246.jpg,Bag,0.74,0.255470603704,0.215000003576,0.719588279724,0.215000003576,0.719588279724,0.736529409885,0.255470603704,0.736529409885,Luggage & bags,0.73,0.255470603704,0.215000003576,0.719588279724,0.215000003576,0.719588279724,0.736529409885,0.255470603704,0.736529409885,Backpack,0.6,0.255470603704,0.215000003576,0.719588279724,0.215000003576,0.719588279724,0.736529409885,0.255470603704,0.736529409885
/home/psawaffle1/.ros/obj_detection_frame0247.jpg,Luggage & bags,0.69,0.222823530436,0.140000000596,0.780941188335,0.140000000596,0.780941188335,0.745647072792,0.222823530436,0.745647072792,Bag,0.62,0.293136268854,0.147684305906,0.689922511578,0.147684305906,0.689922511578,0.758198082447,0.293136268854,0.758198082447
/home/psawaffle1/.ros/obj_detection_frame0248.jpg,Bag,0.71,0.19458822906,0.140000000596,0.852941215038,0.140000000596,0.852941215038,0.780941188335,0.19458822906,0.780941188335,Luggage & bags,0.56,0.110000014305,0.0662353038788,0.889999985695,0.0662353038788,0.889999985695,0.889999985695,0.110000014305,0.889999985695
/home/psawaffle1/.ros/obj_detection_frame0249.jpg,Bag,0.89,0.22786796093,0.0157358981669,0.77213203907,0.0157358981669,0.77213203907,0.89814645052,0.22786796093,0.89814645052
/home/psawaffle1/.ros/obj_detection_frame0250.jpg,Bag,0.91,0.0907058939338,0.0027058981359,0.900352954865,0.0027058981359,0.900352954865,0.995411753654,0.0907058939338,0.995411753654
/home/psawaffle1/.ros/obj_detection_frame0251.jpg,Bag,0.9,0.110000014305,0.0,0.997764706612,0.0,0.997764706612,0.993529379368,0.110000014305,0.993529379368
/home/psawaffle1/.ros/obj_detection_frame0252.jpg,Shoe,0.56,0.546352922916,0.701647102833,0.782823622227,0.701647102833,0.782823622227,0.987529397011,0.546352922916,0.987529397011
/home/psawaffle1/.ros/obj_detection_frame0253.jpg,Person,0.88,0.0809267908335,0.577581048012,0.478837907314,0.577581048012,0.478837907314,0.801477849483,0.0809267908335,0.801477849483
/home/psawaffle1/.ros/obj_detection_frame0254.jpg,Person,0.86,0.0771620795131,0.580404579639,0.483073174953,0.580404579639,0.483073174953,0.801948428154,0.0771620795131,0.801948428154
/home/psawaffle1/.ros/obj_detection_frame0255.jpg,Person,0.94,0.063515022397,0.577581048012,0.4430732131,0.577581048012,0.4430732131,0.80336022377,0.063515022397,0.80336022377
/home/psawaffle1/.ros/obj_detection_frame0256.jpg,Bag,0.9,0.110000014305,0.00505883572623,0.993058800697,0.00505883572623,0.993058800697,0.916352927685,0.110000014305,0.916352927685
/home/psawaffle1/.ros/obj_detection_frame0257.jpg,Glasses,0.76,0.0959999933839,0.59035295248,0.396470606327,0.59035295248,0.396470606327,0.924705862999,0.0959999933839,0.924705862999
/home/psawaffle1/.ros/obj_detection_frame0258.jpg
/home/psawaffle1/.ros/obj_detection_frame0259.jpg
/home/psawaffle1/.ros/obj_detection_frame0260.jpg,Footwear,0.55,0.82605266571,0.557247698307,0.996287941933,0.557247698307,0.996287941933,0.732659399509,0.82605266571,0.732659399509
/home/psawaffle1/.ros/obj_detection_frame0261.jpg,Footwear,0.68,0.767303466797,0.560071229935,0.977538704872,0.560071229935,0.977538704872,0.75430649519,0.767303466797,0.75430649519,Shoe,0.63,0.767303466797,0.560071229935,0.977538704872,0.560071229935,0.977538704872,0.75430649519,0.767303466797,0.75430649519
/home/psawaffle1/.ros/obj_detection_frame0262.jpg,Footwear,0.77,0.796876192093,0.561012387276,0.999582111835,0.561012387276,0.999582111835,0.763718247414,0.796876192093,0.763718247414,Shoe,0.71,0.796876192093,0.561012387276,0.999582111835,0.561012387276,0.999582111835,0.763718247414,0.796876192093,0.763718247414
/home/psawaffle1/.ros/obj_detection_frame0263.jpg,Footwear,0.82,0.816490292549,0.546887516975,0.994085609913,0.546887516975,0.994085609913,0.787254869938,0.816490292549,0.787254869938,Shoe,0.65,0.816490292549,0.546887516975,0.994085609913,0.546887516975,0.994085609913,0.787254869938,0.816490292549,0.787254869938
/home/psawaffle1/.ros/obj_detection_frame0264.jpg
/home/psawaffle1/.ros/obj_detection_frame0265.jpg
/home/psawaffle1/.ros/obj_detection_frame0266.jpg,Shoe,0.83,0.760000050068,0.552235305309,0.999294102192,0.552235305309,0.999294102192,0.868235290051,0.760000050068,0.868235290051
/home/psawaffle1/.ros/obj_detection_frame0267.jpg,Footwear,0.86,0.672470629215,0.567294120789,0.972941219807,0.567294120789,0.972941219807,0.92094117403,0.672470629215,0.92094117403
/home/psawaffle1/.ros/obj_detection_frame0268.jpg,Shoe,0.81,0.560000002384,0.585647046566,0.803058922291,0.585647046566,0.803058922291,0.874823510647,0.560000002384,0.874823510647,Footwear,0.79,0.558352947235,0.579529464245,0.921882331371,0.579529464245,0.921882331371,0.959999978542,0.558352947235,0.959999978542,Sandal,0.5,0.558352947235,0.579529464245,0.921882331371,0.579529464245,0.921882331371,0.959999978542,0.558352947235,0.959999978542
/home/psawaffle1/.ros/obj_detection_frame0269.jpg,Furniture,0.54,0.767489254475,0.00744901411235,0.999099075794,0.00744901411235,0.999099075794,0.669256865978,0.767489254475,0.669256865978
/home/psawaffle1/.ros/obj_detection_frame0270.jpg,Chair,0.72,0.727489233017,0.00697842426598,0.999099075794,0.00697842426598,0.999099075794,0.657021582127,0.727489233017,0.657021582127
/psawaffle1/.ros/obj_detection_frame0225.jpg: 1679.89611626 ms
python cloud_vision.py /home/psawaffle1/.ros/obj_detection_frame0226.jpg: 1673.22421074 ms
python cloud_vision.py /home/psawaffle1/.ros/obj_detection_frame0227.jpg: 1619.8720932 ms
python cloud_vision.py /home/psawaffle1/.ros/obj_detection_frame0228.jpg: 1587.40091324 ms
python cloud_vision.py /home/psawaffle1/.ros/obj_detection_frame0229.jpg: 1553.5030365 ms
python cloud_vision.py /home/psawaffle1/.ros/obj_detection_frame0230.jpg: 1652.33492851 ms
python cloud_vision.py /home/psawaffle1/.ros/obj_detection_frame0231.jpg: 1685.85205078 ms
python cloud_vision.py /home/psawaffle1/.ros/obj_detection_frame0232.jpg: 1653.00583839 ms
python cloud_vision.py /home/psawaffle1/.ros/obj_detection_frame0233.jpg: 1599.65705872 ms
python cloud_vision.py /home/psawaffle1/.ros/obj_detection_frame0234.jpg: 1580.93690872 ms
python cloud_vision.py /home/psawaffle1/.ros/obj_detection_frame0235.jpg: 1613.99912834 ms
python cloud_vision.py /home/psawaffle1/.ros/obj_detection_frame0236.jpg: 1587.53585815 ms
python cloud_vision.py /home/psawaffle1/.ros/obj_detection_frame0237.jpg: 1609.41314697 ms
python cloud_vision.py /home/psawaffle1/.ros/obj_detection_frame0238.jpg: 1582.76391029 ms
python cloud_vision.py /home/psawaffle1/.ros/obj_detection_frame0239.jpg: 1562.04295158 ms
python cloud_vision.py /home/psawaffle1/.ros/obj_detection_frame0240.jpg: 1535.78615189 ms
python cloud_vision.py /home/psawaffle1/.ros/obj_detection_frame0241.jpg: 1587.55207062 ms
python cloud_vision.py /home/psawaffle1/.ros/obj_detection_frame0242.jpg: 1592.015028 ms
python cloud_vision.py /home/psawaffle1/.ros/obj_detection_frame0243.jpg: 1637.37010956 ms
python cloud_vision.py /home/psawaffle1/.ros/obj_detection_frame0244.jpg: 1541.28813744 ms
python cloud_vision.py /home/psawaffle1/.ros/obj_detection_frame0245.jpg: 1575.84190369 ms
python cloud_vision.py /home/psawaffle1/.ros/obj_detection_frame0246.jpg: 1570.02997398 ms
python cloud_vision.py /home/psawaffle1/.ros/obj_detection_frame0247.jpg: 1655.48086166 ms
python cloud_vision.py /home/psawaffle1/.ros/obj_detection_frame0248.jpg: 1603.15799713 ms
python cloud_vision.py /home/psawaffle1/.ros/obj_detection_frame0249.jpg: 1599.9917984 ms
python cloud_vision.py /home/psawaffle1/.ros/obj_detection_frame0250.jpg: 1504.103899 ms
python cloud_vision.py /home/psawaffle1/.ros/obj_detection_frame0251.jpg: 1679.35919762 ms
python cloud_vision.py /home/psawaffle1/.ros/obj_detection_frame0252.jpg: 1918.73598099 ms
python cloud_vision.py /home/psawaffle1/.ros/obj_detection_frame0253.jpg: 1662.72115707 ms
python cloud_vision.py /home/psawaffle1/.ros/obj_detection_frame0254.jpg: 1910.29000282 ms
python cloud_vision.py /home/psawaffle1/.ros/obj_detection_frame0255.jpg: 1622.42984772 ms
python cloud_vision.py /home/psawaffle1/.ros/obj_detection_frame0256.jpg: 1754.23908234 ms
python cloud_vision.py /home/psawaffle1/.ros/obj_detection_frame0257.jpg: 1696.66409492 ms
python cloud_vision.py /home/psawaffle1/.ros/obj_detection_frame0258.jpg: 1710.78705788 ms
python cloud_vision.py /home/psawaffle1/.ros/obj_detection_frame0259.jpg: 1655.18403053 ms
python cloud_vision.py /home/psawaffle1/.ros/obj_detection_frame0260.jpg: 1555.32598495 ms
python cloud_vision.py /home/psawaffle1/.ros/obj_detection_frame0261.jpg: 1603.71804237 ms
python cloud_vision.py /home/psawaffle1/.ros/obj_detection_frame0262.jpg: 1574.38802719 ms
python cloud_vision.py /home/psawaffle1/.ros/obj_detection_frame0263.jpg: 1584.49697495 ms
python cloud_vision.py /home/psawaffle1/.ros/obj_detection_frame0264.jpg: 1601.92584991 ms
python cloud_vision.py /home/psawaffle1/.ros/obj_detection_frame0265.jpg: 1628.59916687 ms
python cloud_vision.py /home/psawaffle1/.ros/obj_detection_frame0266.jpg: 1598.77204895 ms
python cloud_vision.py /home/psawaffle1/.ros/obj_detection_frame0267.jpg: 1629.61292267 ms
python cloud_vision.py /home/psawaffle1/.ros/obj_detection_frame0268.jpg: 1670.43685913 ms
python cloud_vision.py /home/psawaffle1/.ros/obj_detection_frame0269.jpg: 1574.47910309 ms
python cloud_vision.py /home/psawaff/home/psawaffle1/.ros/obj_detection_frame0271.jpg,Chair,0.64,0.726548075676,0.0102725494653,0.999099075794,0.0102725494653,0.999099075794,0.654198050499,0.726548075676,0.654198050499,Furniture,0.59,0.537371635437,0.0013313703239,0.919099032879,0.0013313703239,0.919099032879,0.653256833553,0.537371635437,0.653256833553
/home/psawaffle1/.ros/obj_detection_frame0272.jpg
/home/psawaffle1/.ros/obj_detection_frame0273.jpg
/home/psawaffle1/.ros/obj_detection_frame0274.jpg
/home/psawaffle1/.ros/obj_detection_frame0275.jpg
/home/psawaffle1/.ros/obj_detection_frame0276.jpg,Bird,0.54,0.639526367188,0.480690449476,0.765526354313,0.480690449476,0.765526354313,0.597278654575,0.639526367188,0.597278654575
/home/psawaffle1/.ros/obj_detection_frame0277.jpg
/home/psawaffle1/.ros/obj_detection_frame0278.jpg
/home/psawaffle1/.ros/obj_detection_frame0279.jpg
/home/psawaffle1/.ros/obj_detection_frame0280.jpg
/home/psawaffle1/.ros/obj_detection_frame0281.jpg,Person,0.53,0.00986739993095,0.0874455720186,0.259779661894,0.0874455720186,0.259779661894,0.829730927944,0.00986739993095,0.829730927944
/home/psawaffle1/.ros/obj_detection_frame0282.jpg,Luggage & bags,0.54,0.00340178981423,0.130179405212,0.294715881348,0.130179405212,0.294715881348,0.737820625305,0.00340178981423,0.737820625305
/home/psawaffle1/.ros/obj_detection_frame0283.jpg,Luggage & bags,0.79,0.00575473159552,0.169708818197,0.296598225832,0.169708818197,0.296598225832,0.710997164249,0.00575473159552,0.710997164249,Backpack,0.65,0.00575473159552,0.169708818197,0.296598225832,0.169708818197,0.296598225832,0.710997164249,0.00575473159552,0.710997164249
/home/psawaffle1/.ros/obj_detection_frame0284.jpg,Shoe,0.81,0.675294160843,0.56400001049,0.996941208839,0.56400001049,0.996941208839,0.903529405594,0.675294160843,0.903529405594,Footwear,0.54,0.675294160843,0.56400001049,0.996941208839,0.56400001049,0.996941208839,0.903529405594,0.675294160843,0.903529405594
/home/psawaffle1/.ros/obj_detection_frame0285.jpg,Shoe,0.98,0.241801977158,0.544901013374,0.871139228344,0.544901013374,0.871139228344,0.909216761589,0.241801977158,0.909216761589
/home/psawaffle1/.ros/obj_detection_frame0286.jpg,Kitchenware,0.69,0.00505883619189,0.00364707410336,0.939882397652,0.00364707410336,0.939882397652,0.889999985695,0.00505883619189,0.889999985695
/home/psawaffle1/.ros/obj_detection_frame0287.jpg
/home/psawaffle1/.ros/obj_detection_frame0288.jpg
/home/psawaffle1/.ros/obj_detection_frame0289.jpg,Kitchenware,0.69,0.0028085783124,0.0502691008151,0.223073795438,0.0502691008151,0.223073795438,0.829730927944,0.0028085783124,0.829730927944,Tire,0.54,0.548380851746,0.694510877132,0.664969027042,0.694510877132,0.664969027042,0.844981431961,0.548380851746,0.844981431961
/home/psawaffle1/.ros/obj_detection_frame0290.jpg,Kitchenware,0.67,0.00276992470026,0.0157358981669,0.438798725605,0.0157358981669,0.438798725605,0.864264070988,0.00276992470026,0.864264070988,Kitchen appliance,0.55,0.00276992470026,0.0157358981669,0.438798725605,0.0157358981669,0.438798725605,0.864264070988,0.00276992470026,0.864264070988,Refrigerator,0.54,0.00276992470026,0.0157358981669,0.438798725605,0.0157358981669,0.438798725605,0.864264070988,0.00276992470026,0.864264070988
/home/psawaffle1/.ros/obj_detection_frame0291.jpg,Footwear,0.74,0.000705885875504,0.543764710426,0.325176477432,0.543764710426,0.325176477432,0.934588193893,0.000705885875504,0.934588193893,Boot,0.52,0.000705885875504,0.543764710426,0.325176477432,0.543764710426,0.325176477432,0.934588193893,0.000705885875504,0.934588193893
/home/psawaffle1/.ros/obj_detection_frame0292.jpg,Kitchenware,0.69,0.00504884496331,0.130179405212,0.130245268345,0.130179405212,0.130245268345,0.76982063055,0.00504884496331,0.76982063055,Luggage & bags,0.54,0.640875160694,0.250809133053,0.874654173851,0.250809133053,0.874654173851,0.670837938786,0.640875160694,0.670837938786
le1/.ros/obj_detection_frame0270.jpg: 1684.37099457 ms
python cloud_vision.py /home/psawaffle1/.ros/obj_detection_frame0271.jpg: 1707.40294456 ms
python cloud_vision.py /home/psawaffle1/.ros/obj_detection_frame0272.jpg: 1642.7628994 ms
python cloud_vision.py /home/psawaffle1/.ros/obj_detection_frame0273.jpg: 1627.38204002 ms
python cloud_vision.py /home/psawaffle1/.ros/obj_detection_frame0274.jpg: 1725.51608086 ms
python cloud_vision.py /home/psawaffle1/.ros/obj_detection_frame0275.jpg: 1672.93095589 ms
python cloud_vision.py /home/psawaffle1/.ros/obj_detection_frame0276.jpg: 1671.37598991 ms
python cloud_vision.py /home/psawaffle1/.ros/obj_detection_frame0277.jpg: 1640.36393166 ms
python cloud_vision.py /home/psawaffle1/.ros/obj_detection_frame0278.jpg: 1702.9941082 ms
python cloud_vision.py /home/psawaffle1/.ros/obj_detection_frame0279.jpg: 1729.88200188 ms
python cloud_vision.py /home/psawaffle1/.ros/obj_detection_frame0280.jpg: 1651.8599987 ms
python cloud_vision.py /home/psawaffle1/.ros/obj_detection_frame0281.jpg: 1721.30799294 ms
python cloud_vision.py /home/psawaffle1/.ros/obj_detection_frame0282.jpg: 1700.26397705 ms
python cloud_vision.py /home/psawaffle1/.ros/obj_detection_frame0283.jpg: 1698.1408596 ms
python cloud_vision.py /home/psawaffle1/.ros/obj_detection_frame0284.jpg: 2210.75582504 ms
python cloud_vision.py /home/psawaffle1/.ros/obj_detection_frame0285.jpg: 1579.20598984 ms
python cloud_vision.py /home/psawaffle1/.ros/obj_detection_frame0286.jpg: 1634.04202461 ms
python cloud_vision.py /home/psawaffle1/.ros/obj_detection_frame0287.jpg: 1671.22292519 ms
python cloud_vision.py /home/psawaffle1/.ros/obj_detection_frame0288.jpg: 1604.98094559 ms
python cloud_vision.py /home/psawaffle1/.ros/obj_detection_frame0289.jpg: 1600.48794746 ms
python cloud_vision.py /home/psawaffle1/.ros/obj_detection_frame0290.jpg: 1610.27908325 ms
python cloud_vision.py /home/psawaffle1/.ros/obj_detection_frame0291.jpg: 1601.22609138 ms
python cloud_vision.py /home/psawaffle1/.ros/obj_detection_frame0292.jpg: 1624.05490875 ms
Error
