1664.08586502
1694.17309761
1600.93307495
1626.84798241
1645.99609375
1538.49816322
1629.65703011
1585.31212807
1610.92615128
1673.83885384
1646.82221413
1653.47909927
1578.02009583
1624.9871254
1611.87887192
1569.3769455
1584.72704887
1599.38597679
1661.40794754
1650.99906921
1623.88801575
1645.11013031
1585.8938694
1579.17380333
1584.97595787
1577.71420479
1595.13092041
1570.40500641
1618.65496635
1675.97413063
1680.16886711
1535.10522842
1616.53590202
1572.87287712
1611.45710945
1575.7329464
1612.78581619
1582.73792267
1620.74398994
1590.8370018
1633.41617584
1595.15690804
1662.25481033
1645.24793625
1626.10888481
1673.39491844
1557.73997307
1585.13498306
1601.2160778
1630.05709648
1593.42908859
1622.05886841
1605.37719727
1636.88397408
1622.13397026
1639.097929
1645.75982094
1639.27006721
1618.78085136
1594.51913834
1466.11690521
1551.9080162
1618.59917641
1522.45903015
1647.02796936
1632.25913048
1651.94797516
1646.61002159
1548.23613167
2288.33508492
1634.03010368
1571.21419907
1665.9309864
1771.42715454
1583.15110207
1670.03583908
1774.05500412
1654.21199799
1745.34010887
1815.70792198
1567.30699539
1614.97783661
1610.29100418
1568.76897812
1732.95402527
1604.44808006
1635.97607613
1649.8708725
1623.75283241
1610.77713966
1643.99385452
1628.80682945
1794.41809654
1668.65682602
1614.15910721
1660.22181511
1667.41800308
1651.44300461
1651.94606781
1621.57988548
1635.19191742
1661.62419319
1694.4000721
1723.52099419
1621.70290947
1612.7550602
1682.51395226
1764.21999931
1692.80385971
1645.58196068
1657.03010559
1664.74199295
1594.45714951
1665.87710381
1672.11699486
1696.39182091
1663.7969017
1640.26594162
1694.25702095
1742.13409424
1596.63319588
1635.81395149
1587.56494522
1698.66299629
1638.25201988
1655.22694588
1683.33792686
1692.25692749
1730.69500923
1563.78817558
1617.99192429
1572.63207436
1584.0010643
1551.43594742
1650.61593056
1623.64912033
1666.83101654
1625.67591667
1655.05099297
2117.89011955
2208.81700516
1655.65514565
1684.26394463
1672.91307449
1631.19006157
1829.96416092
1780.35092354
1704.71286774
1701.06697083
1733.13713074
1728.53302956
1793.11704636
1686.35988235
1756.59203529
1713.64998817
1645.5848217
1732.0420742
1690.77301025
1679.04901505
1700.64401627
1721.89497948
1611.76896095
1682.32607841
1744.7578907
1614.05897141
1653.81288528
1711.85898781
1659.70611572
1745.48888206
1723.74796867
1728.46794128
1705.95288277
1631.3560009
1658.14590454
1767.79603958
1677.60705948
1720.66092491

1719.49887276
1687.36791611
1649.20282364
1626.08003616
1651.07393265
1632.84993172
1769.00982857
1718.79386902
1696.46906853
1734.60006714
1618.1910038
1722.05901146
1643.60284805
1702.90589333
1648.23293686
1678.01213264
1675.70400238
1662.69803047
1759.69696045
1674.08180237
1686.31720543
1708.6160183
1662.92381287
1619.69804764
1696.57802582
1759.54890251
1696.10786438
1726.29213333
1760.15996933
1646.24786377
1668.0700779
1968.60289574
2245.99194527
1855.32402992
1689.00918961
1652.15802193
1670.59898376
1721.14086151
1713.61398697
1658.01692009
1583.1079483
1570.61696053
1554.75592613
1659.89899635
1673.22421074
1619.8720932
1587.40091324
1553.5030365
1652.33492851
1685.85205078
1653.00583839
1599.65705872
1580.93690872
1613.99912834
1587.53585815
1609.41314697
1582.76391029
1562.04295158
1535.78615189
1587.55207062
1592.015028
1637.37010956
1541.28813744
1575.84190369
1570.02997398
1655.48086166
1603.15799713
1599.9917984
1504.103899
1679.35919762
1918.73598099
1662.72115707
1910.29000282
1622.42984772
1754.23908234
1696.66409492
1710.78705788
1655.18403053
1555.32598495
1603.71804237
1574.38802719
1584.49697495
1601.92584991
1628.59916687
1598.77204895
1629.61292267
1670.43685913
1574.47910309
1707.40294456
1642.7628994
1627.38204002
1725.51608086
1672.93095589
1671.37598991
1640.36393166
1702.9941082
1729.88200188
1651.8599987
1721.30799294
1700.26397705
1698.1408596
2210.75582504
1579.20598984
1634.04202461
1671.22292519
1604.98094559
1600.48794746
1610.27908325
1601.22609138
1624.05490875
