0.27
0.27
0.25
0.25
0.25
0.25
0.25
0.23
0.23
0.23
0.23
0.23
0.29
0.29
0.29
0.29
0.29
0.43
0.43
0.43
0.43
0.55
0.55
0.55
0.55
0.55
0.59
0.59
0.59
0.59
0.59
0.54
0.54
0.54
0.54
0.54
0.66
0.66
0.66
0.66
0.66
0.61
0.61
0.61
0.61
0.61
0.64
0.64
0.64
0.64
0.64
0.59
0.59
0.59
0.59
0.59
0.70
0.70
0.70
0.70
0.70
0.80
0.80
0.80
0.80
0.90
0.90
0.90
0.90
0.90
0.99
0.99
0.99
0.99
0.99
0.99
0.99
0.99
0.99
0.99
0.91
0.91
0.91
0.91
0.91
0.92
0.92
0.92
0.92
0.92
0.84
0.84
0.84
0.84
0.84
0.86
0.86
0.86
0.86
0.86
0.79
0.79
0.79
0.79
0.79
0.88
0.88
0.88
0.88
0.88
0.97
0.97
0.97
0.97
0.97
0.98
0.98
0.98
0.98
0.98
1.06
1.06
1.06
1.06
1.06
1.13
1.13
1.13
1.13
1.13
1.12
1.12
1.12
1.12
1.12
1.11
1.11
1.11
1.11
1.11
1.42
1.42
1.42
1.42
1.42
1.55
1.55
1.55
1.55
1.55
1.51
1.51
1.51
1.51
1.51
1.55
1.55
1.55
1.55
1.55
1.50
1.50
1.50
1.50
1.50
1.54
1.54
1.54
1.54
1.54
1.50
1.50
1.50
1.50
1.50
1.46
1.46
1.46
1.46
1.46
1.58
1.58
1.58
1.58
1.58
1.62
1.62
1.62
1.62
1.62
1.65
1.65
1.65
1.65
1.65
1.68
1.68
1.68
1.68
1.62
1.62
1.62
1.62
1.62
1.65
1.65
1.65
1.65
1.65
1.68
1.68
1.68
1.68
1.68
1.63
1.63
1.63
1.63
1.63
1.66
1.66
1.66
1.66
1.66
1.76
1.76
1.76
1.76
1.76
1.70
1.70
1.70
1.70
1.70
1.81
1.81
1.81
1.81
1.81
1.66
1.66
1.66
1.66
1.66
1.61
1.61
1.61
1.61
1.61
1.64
1.64
1.64
1.64
1.64
1.51
1.51
1.51
1.51
1.51
1.39
1.39
1.39
1.39
1.39
1.36
1.36
1.36
1.36
1.36
1.25
1.25
1.25
1.25
1.25
1.23
1.23
1.23
1.23
1.23
1.13
1.13
1.13
1.13
1.04
1.04
1.04
1.04
1.04
0.95
0.95
0.95
0.95
0.95
0.96
0.96
0.96
0.96
0.96
1.12
1.12
1.12
1.12
1.12
1.11
1.11
1.11
1.11
1.11
1.18
1.18
1.18
1.18
1.18
1.17
1.17
1.17
1.17
1.17
1.15
1.15
1.15
1.15
1.15
1.22
1.22
1.22
1.22
1.22
1.20
1.20
1.20
1.20
1.20
1.19
1.19
1.19
1.19
1.19
1.17
1.17
1.17
1.17
1.17
1.24
1.24
1.24
1.24
1.24
1.46
1.46
1.46
1.46
1.46
1.42
1.42
1.42
1.42
1.42
1.39
1.39
1.39
1.39
1.39
1.44
1.44
1.44
1.44
1.44
1.56
1.56
1.56
1.56
1.56
1.52
1.52
1.52
1.52
1.52
1.48
1.48
1.48
1.48
1.48
1.52
1.52
