1254.945
1270.323
1209.615
1220.738
1259.459
1503.486
1466.0729999999999
1488.7109999999998
1217.9930000000002
1501.854
1521.081
1262.518
1250.443
1256.031
1260.07
1478.076
1251.3909999999998
1489.183
1256.84
1242.885
1519.2479999999998
1261.298
1224.134
1258.128
1246.462
1482.807
1251.4460000000001
1251.189
1483.3110000000001
1250.84
1250.66
1522.619
1248.0230000000001
1222.846
1220.096
1242.302
1494.998
1233.981
1238.38
1242.751
1485.79
1242.6399999999999
1469.866
1232.28
1245.759
1319.917
1263.475
1504.897
1243.362
1224.334
1483.215
1539.8529999999998
1245.061
1235.077
1257.833
1260.1
1483.236
1249.411
1243.344
1243.249
1210.069
1514.954
1241.209
1493.139
1248.674
1240.762
1253.536
1245.072
1527.063
1246.128
1264.613
1241.849
1227.209
1213.036
1226.197
1490.646
1252.009
1492.018
1264.688
1249.144
1245.7990000000002
1241.414
1250.3999999999999
1246.039
1218.17
1519.9830000000002
1200.6950000000002
1255.156
1265.186
1247.8029999999999
1254.308
1255.7130000000002
1253.457
1264.55
1253.4950000000001
1243.8899999999999
1263.1390000000001
1244.711
1250.496
1258.889
1258.229
1251.125
1492.378
1481.401
1246.27
1495.355
1543.1889999999999
1255.979
1248.108
1246.396
1302.3690000000001
1251.036
1227.868
1262.835
1526.4070000000002
1478.964
1252.083
1261.685
1255.209
1260.182
1498.6090000000002
1494.9399999999998
1454.0720000000001
1247.7359999999999
1251.47
1265.509
1245.978
1479.643
1260.6029999999998
1254.1299999999999
1256.495
1251.01
1253.25
1247.004
1272.296
1266.4740000000002
1242.021
1508.2199999999998
1541.989
1510.372
1254.355
1248.736
1254.478
1252.309
1247.2479999999998
1246.299
1249.203
1267.5240000000001
1263.18
1266.334
1480.961
1480.543
1500.501
1253.161
1261.5240000000001
1267.1619999999998
1266.692
1250.454
1247.266
1498.495
1257.039
1494.243
1251.765
1220.888
1249.8890000000001
1483.9679999999998
1244.7250000000001
1255.798
1506.994
1246.624
1520.274
1266.926
1215.227
1230.4489999999998
1238.5729999999999
1221.914
1244.357
1248.877
1238.0919999999999
1500.415
1246.416
1233.696
1241.4940000000001
1215.009
1241.775
1250.996
1279.0729999999999
1261.714
1261.8709999999999
1245.375
1268.944
1246.3999999999999
1256.553
1430.039
1453.5320000000002
1259.786
1247.043
1244.514
1257.5430000000001
1248.684
1247.388
1209.7450000000001
1698.9669999999999
1239.374
1258.0629999999999
1496.068
1243.699
1249.2
1206.543
1257.98
1262.064
1264.836
1254.635
1230.2759999999998
1252.116
1284.717
1250.045
1256.079
1251.47
1254.028
1271.1509999999998
1528.893
1237.635
1519.747
1270.435
1253.3719999999998
1254.186
1254.644
1264.054
1231.723
1267.6119999999999
1247.211
1264.935
1226.035
1266.742
1250.229
1263.3419999999999
1245.249
1269.741
1465.825
1522.674
1228.588
1468.408
1248.373
1255.073
1251.116
1249.711
1251.007
1488.1740000000002
1250.93
1491.638
1244.021
1251.453
1251.596
1246.064
1465.0810000000001
1267.172
1255.858
1252.415
1249.208
1246.8680000000002
1510.323
1258.589
1244.433
1250.8049999999998
1261.017
1523.9450000000002
1525.9370000000001
1225.194
1246.582
1250.557
1252.684
1254.1850000000002
1252.633
1251.6190000000001
1257.851
1385.1789999999999
1245.255
1251.616
1493.104
1245.16
1248.058
1230.343
1259.359
1250.15
1251.492
1244.74
1247.806
1247.606
1251.528
1246.669
1258.026
1263.3509999999999
