0.44
0.44
0.44
0.44
0.56
0.56
0.56
0.56
0.56
0.52
0.52
0.52
0.52
0.52
0.56
0.56
0.56
0.56
0.56
0.67
0.67
0.67
0.67
0.70
0.70
0.70
0.70
0.70
0.72
0.72
0.72
0.72
0.72
0.75
0.75
0.75
0.75
0.75
0.69
0.69
0.69
0.69
0.69
0.71
0.71
0.71
0.71
0.71
0.65
0.65
0.65
0.65
0.65
0.60
0.60
0.60
0.60
0.60
0.63
0.63
0.63
0.63
0.63
0.66
0.66
0.66
0.66
0.66
0.61
0.61
0.61
0.61
0.61
0.56
0.56
0.56
0.56
0.56
0.60
0.60
0.60
0.60
0.60
0.63
0.63
0.63
0.63
0.63
0.66
0.66
0.66
0.66
0.66
0.61
0.61
0.61
0.61
0.61
0.72
0.72
0.72
0.72
0.72
0.74
0.74
0.74
0.74
0.76
0.76
0.76
0.76
0.76
0.78
0.78
0.78
0.78
0.78
0.80
0.80
0.80
0.80
0.80
0.73
0.73
0.73
0.73
0.73
0.68
0.68
0.68
0.68
0.68
0.62
0.62
0.62
0.62
0.62
0.57
0.57
0.57
0.57
0.57
0.53
0.53
0.53
0.53
0.64
0.64
0.64
0.64
0.64
0.75
0.75
0.75
0.75
0.75
0.69
0.69
0.69
0.69
0.69
0.72
0.72
0.72
0.72
0.72
0.66
0.66
0.66
0.66
0.66
0.69
0.69
0.69
0.69
0.69
0.71
0.71
0.71
0.71
0.71
0.74
0.74
0.74
0.74
0.74
0.76
0.76
0.76
0.76
0.76
0.78
0.78
0.78
0.78
0.78
0.79
0.79
0.79
0.79
0.79
0.81
0.81
0.81
0.81
0.81
0.83
0.83
0.83
0.83
0.83
0.76
0.76
0.76
0.76
0.76
0.70
0.70
0.70
0.70
0.70
0.72
0.72
0.72
0.72
0.72
0.66
0.66
0.66
0.66
0.66
0.69
0.69
0.69
0.69
0.69
0.64
0.64
0.64
0.64
0.64
0.67
0.67
0.67
0.67
0.67
0.61
0.61
0.61
0.61
0.61
0.56
0.56
0.56
0.56
0.56
0.60
0.60
0.60
0.60
0.60
0.71
0.71
0.71
0.71
0.71
0.65
0.65
0.65
0.65
0.65
0.60
0.60
0.60
0.60
0.60
0.63
0.63
0.63
0.63
0.63
0.74
0.74
0.74
0.74
0.68
0.68
0.68
0.68
0.68
0.71
0.71
0.71
0.71
0.71
0.65
0.65
0.65
0.65
0.65
0.60
0.60
0.60
0.60
0.60
0.63
0.63
0.63
0.63
0.63
0.58
0.58
0.58
0.58
0.58
0.53
0.53
0.53
0.53
0.53
0.57
0.57
0.57
0.57
0.57
0.61
0.61
0.61
0.61
0.61
0.56
0.56
0.56
0.56
0.56
0.59
0.59
0.59
0.59
0.59
0.63
0.63
0.63
0.63
0.63
0.58
0.58
0.58
0.58
0.58
0.61
0.61
0.61
0.61
0.61
0.56
0.56
0.56
0.56
0.56
0.52
0.52
0.52
0.52
0.52
0.55
0.55
0.55
0.55
0.55
0.51
0.51
0.51
0.51
0.51
0.47
0.47
0.47
0.47
0.47
0.43
0.43
0.43
0.43
0.43
0.40
0.40
0.40
0.40
0.40
