0.13
0.13
0.13
0.13
0.12
0.12
0.12
0.12
0.12
0.35
0.35
0.35
0.35
0.35
0.48
0.48
0.48
0.48
0.48
0.52
0.52
0.52
0.52
0.52
0.56
0.56
0.56
0.56
0.56
0.60
0.60
0.60
0.60
0.60
0.71
0.71
0.71
0.71
0.71
0.81
0.81
0.81
0.81
0.81
0.91
0.91
0.91
0.91
0.91
1.00
1.00
1.00
1.00
1.00
1.00
1.00
1.00
1.00
1.00
1.00
1.00
1.00
1.00
0.92
0.92
0.92
0.92
0.92
1.00
1.00
1.00
1.00
1.00
1.00
1.00
1.00
1.00
1.00
1.00
1.00
1.00
1.00
1.00
1.08
1.08
1.08
1.08
1.08
1.00
1.00
1.00
1.00
1.00
1.08
1.08
1.08
1.08
1.08
1.15
1.15
1.15
1.15
1.15
1.22
1.22
1.22
1.22
1.22
1.28
1.28
1.28
1.28
1.28
1.26
1.26
1.26
1.26
1.26
1.32
1.32
1.32
1.32
1.32
1.37
1.37
1.37
1.37
1.37
1.50
1.50
1.50
1.50
1.54
1.54
1.54
1.54
1.54
1.50
1.50
1.50
1.50
1.50
1.46
1.46
1.46
1.46
1.46
1.42
1.42
1.42
1.42
1.42
1.47
1.47
1.47
1.47
1.47
1.67
1.67
1.67
1.67
1.67
1.70
1.70
1.70
1.70
1.70
1.72
1.72
1.72
1.72
1.72
1.66
1.66
1.66
1.66
1.66
1.61
1.61
1.61
1.61
1.61
1.80
1.80
1.80
1.80
1.80
1.90
1.90
1.90
1.90
1.90
2.07
2.07
2.07
2.07
2.06
2.06
2.06
2.06
2.06
2.06
2.06
2.06
2.06
2.06
1.97
1.97
1.97
1.97
1.97
1.89
1.89
1.89
1.89
1.89
1.82
1.82
1.82
1.82
1.82
1.84
1.84
1.84
1.84
1.84
1.85
1.85
1.85
1.85
1.85
1.78
1.78
1.78
1.78
1.78
1.72
1.72
1.72
1.72
1.72
2.06
2.06
2.06
2.06
2.06
1.98
1.98
1.98
1.98
1.98
2.14
2.14
2.14
2.14
2.14
2.05
2.05
2.05
2.05
1.96
1.96
1.96
1.96
1.96
1.97
1.97
1.97
1.97
1.97
1.89
1.89
1.89
1.89
1.89
1.82
1.82
1.82
1.82
1.82
1.83
1.83
1.83
1.83
1.83
1.77
1.77
1.77
1.77
1.77
1.70
1.70
1.70
1.70
1.70
1.65
1.65
1.65
1.65
1.65
1.59
1.59
1.59
1.59
1.59
1.55
1.55
1.55
1.55
1.55
1.50
1.50
1.50
1.50
1.50
1.46
1.46
1.46
1.46
1.46
1.43
1.43
1.43
1.43
1.43
1.39
1.39
1.39
1.39
1.39
1.44
1.44
1.44
1.44
1.44
1.48
1.48
1.48
1.48
1.48
1.45
1.45
1.45
1.45
1.45
1.57
1.57
1.57
1.57
1.57
1.60
1.60
1.60
1.60
1.72
1.72
1.72
1.72
1.72
1.66
1.66
1.66
1.66
1.66
1.53
1.53
1.53
1.53
1.53
1.48
1.48
1.48
1.48
1.48
1.44
1.44
1.44
1.44
1.44
1.41
1.41
1.41
1.41
1.41
1.38
1.38
1.38
1.38
1.38
1.35
