0.11
0.11
0.11
0.10
0.10
0.10
0.10
0.10
0.26
0.26
0.26
0.26
0.26
0.32
0.32
0.32
0.32
0.32
0.37
0.37
0.37
0.37
0.37
0.42
0.42
0.42
0.42
0.42
0.47
0.47
0.47
0.47
0.47
0.51
0.51
0.51
0.51
0.51
0.55
0.55
0.55
0.55
0.55
0.67
0.67
0.67
0.67
0.67
0.69
0.69
0.69
0.69
0.72
0.72
0.72
0.72
0.72
0.82
0.82
0.82
0.82
0.82
0.76
0.76
0.76
0.76
0.76
0.86
0.86
0.86
0.86
0.86
0.95
0.95
0.95
0.95
0.95
0.95
0.95
0.95
0.95
0.95
0.96
0.96
0.96
0.96
0.96
1.04
1.04
1.04
1.04
1.04
1.04
1.04
1.04
1.04
1.04
1.11
1.11
1.11
1.11
1.11
1.10
1.10
1.10
1.10
1.10
1.18
1.18
1.18
1.18
1.18
1.16
1.16
1.16
1.16
1.16
1.23
1.23
1.23
1.23
1.23
1.29
1.29
1.29
1.29
1.29
1.27
1.27
1.27
1.27
1.27
1.25
1.25
1.25
1.25
1.25
1.23
1.23
1.23
1.23
1.23
1.53
1.53
1.53
1.53
1.49
1.49
1.49
1.49
1.49
1.53
1.53
1.53
1.53
1.53
1.49
1.49
1.49
1.49
1.49
1.53
1.53
1.53
1.53
1.53
1.48
1.48
1.48
1.48
1.48
1.45
1.45
1.45
1.45
1.45
1.49
1.49
1.49
1.49
1.49
1.45
1.45
1.45
1.45
1.45
1.41
1.41
1.41
1.41
1.41
1.38
1.38
1.38
1.38
1.38
1.35
1.35
1.35
1.35
1.35
1.48
1.48
1.48
1.48
1.48
1.44
1.44
1.44
1.44
1.44
1.41
1.41
1.41
1.41
1.41
1.37
1.37
1.37
1.37
1.37
1.34
1.34
1.34
1.34
1.34
1.32
1.32
1.32
1.32
1.32
1.29
1.29
1.29
1.29
1.29
1.27
1.27
1.27
1.27
1.27
1.25
1.25
1.25
1.25
1.25
1.23
1.23
1.23
1.23
1.23
1.29
1.29
1.29
1.29
1.18
1.18
1.18
1.18
1.18
1.17
1.17
1.17
1.17
1.17
1.24
1.24
1.24
1.24
1.24
1.22
1.22
1.22
1.22
1.22
1.20
1.20
1.20
1.20
1.20
1.18
1.18
1.18
1.18
1.18
1.17
1.17
1.17
1.17
1.17
1.16
1.16
1.16
1.16
1.16
1.22
1.22
1.22
1.22
1.22
1.20
1.20
1.20
1.20
1.20
1.27
1.27
1.27
1.27
1.27
1.65
1.65
1.65
1.65
1.65
1.60
1.60
1.60
1.60
1.60
1.55
1.55
1.55
1.55
1.58
1.58
1.58
1.58
1.58
1.46
1.46
1.46
1.46
1.46
1.50
1.50
1.50
1.50
1.50
1.46
1.46
1.46
1.46
1.46
1.50
1.50
1.50
1.50
1.50
1.46
1.46
1.46
1.46
1.46
1.43
1.43
1.43
1.43
1.43
1.31
1.31
1.31
1.31
1.31
1.29
1.29
1.29
1.29
1.29
1.26
1.26
1.26
1.26
1.26
1.24
1.24
1.24
1.24
1.24
1.22
1.22
1.22
1.22
1.22
1.20
1.20
1.20
1.20
1.20
1.11
