5725.27003288
5463.23204041
5098.57606888
5148.68307114
5235.92495918
5294.55304146
5216.23301506
5352.26511955
5324.83315468
5394.37294006
5456.00104332
5411.95893288
5410.53891182
5462.33391762
5330.64603806
5496.98901176
5607.22899437
5569.14901733
5643.20802689
5435.25505066
5656.44598007
5543.77484322
5587.44311333
5773.7891674
5624.1850853
5675.8890152
5519.05894279
5555.69696426
5516.25490189
5710.54005623
5499.04513359
5704.34904099
5606.73284531
5784.07096863
5638.00692558
5774.58906174
5734.52115059
5809.278965
5639.84417915
5711.53306961
5785.64691544
6070.32418251
6095.7698822
6200.82902908
6107.81621933
6017.92502403
5981.68492317
5986.70601845
6062.14690208
6112.70189285
5875.0629425
5893.33605766
5870.93901634
5719.60806847
5877.53105164
5702.02302933
6003.26704979
6188.88998032
6042.69886017
5833.06193352
6347.5561142
5955.38592339
5736.63902283
5557.42406845
5553.83300781
5641.57104492
5566.66493416
5566.47992134
5574.68986511
5581.39491081
5806.96105957
5643.22209358
5578.63378525
5785.92085838
5576.71713829
5546.74386978
5773.69093895
5720.744133
1305.51815033
1306.18906021
1370.05996704
1267.01903343
1348.56796265
1302.21009254
1352.14090347
1295.7239151
253.712892532
