5238.8010025
5389.04094696
5373.47102165
5390.82813263
5489.85290527
5503.11183929
5655.21502495
5620.57995796
5767.26603508
5746.03796005
5643.75305176
5609.98988152
5734.95006561
5676.13101006
5775.33197403
5795.17602921
5912.21809387
5825.47593117
6008.91304016
5929.33797836
6104.69102859
6177.00505257
6246.21295929
6209.09500122
6215.28100967
6082.38315582
6072.63088226
6240.63396454
6265.17415047
6258.89921188
6132.26008415
6289.36600685
6231.92596436
6294.54708099
6407.31692314
6648.41103554
6414.95800018
6147.42517471
6487.60294914
6859.82108116
6575.31905174
6380.23805618
6419.59214211
6236.31381989
6199.60713387
6421.66805267
6353.51395607
6358.30283165
6043.57910156
6159.83700752
6156.07404709
6397.25899696
6442.65198708
6454.00094986
6406.82506561
6375.5710125
6112.20908165
6067.85082817
6000.6840229
6099.11394119
5877.50601768
5866.74284935
6070.45602798
6049.59583282
6077.56114006
6013.88311386
6144.42896843
5868.80922318
5939.03779984
5958.65797997
5789.39509392
5914.29805756
6104.61187363
6040.77410698
5390.43402672
